1.306249907019064738e+00
1.738350641823816822e+00
2.185647927458570727e+00
2.446661511847205706e+00
8.644573090799567705e-01
7.207054804592557540e-01
5.835150342647005273e-01
1.161393919545417264e+00
1.327112467288845910e+00
1.281809156733335842e+00
1.614562264633427335e-01
3.299727605258659935e-01
6.742849733775901910e-01
1.450651321870833232e+00
9.790867903751521162e-01
6.453614483760994336e-01
1.468035780833602866e+00
9.445276766150827452e-01
1.192458086363322067e+00
1.331707313094711465e+00
9.382427965350552401e-02
1.054214689820526463e+00
3.424192418785821923e-01
5.165481932667449483e-01
2.486792683175671925e+00
2.894035673249589213e-01
1.253088760954684355e+00
1.233769943784614798e+00
1.334970028768964312e+00
1.314244554065947979e+00
9.274707775783586072e-02
3.337852066545426988e-02
9.325737736204325889e-01
7.710142944974400503e-02
1.825485360479181252e-01
1.038518612027436339e+00
2.189525379768408192e-02
1.066442651081620507e+00
1.517786467920296145e+00
9.991992327206642432e-01
1.522150051531668824e+00
1.670969739921305042e+00
1.524087302569727909e+00
2.565512452769987739e+00
1.238955461330862429e+00
1.642603728567781030e+00
2.531830832410972842e-01
1.423450876090987638e+00
8.399990191454250743e-01
4.837101941276162331e-01
5.970406637801074085e-02
2.550176380997391523e-01
1.467883449880338587e+00
4.302767166688620248e-01
2.674909561591064300e+00
2.304799118582729900e-01
9.861078375038716537e-01
9.112010904453042848e-01
2.403560989281114113e-01
1.182373822260657681e+00
3.435019865957206209e-02
1.773244845970149419e-01
1.790032249843754864e+00
3.124730581147115438e-01
1.681857221764781335e-02
3.778200100912543213e-01
1.555125281774791812e+00
3.977691221447064440e-01
1.964368371952507353e+00
1.050215012823882743e+00
1.403811281068791272e+00
1.366423085897991441e-01
1.599498050752505285e-01
6.842262461727728340e-01
2.411293861170357822e+00
4.815401640403838002e-01
6.513286467143583058e-01
1.242521209138981453e-01
3.564213457996344703e-01
4.007404296492901863e-01
1.164804483168466076e+00
1.038312837600389171e+00
1.104952854370633508e+00
5.506903975315369237e-01
1.947741194397471176e+00
1.192353682009178906e+00
8.167048054416714553e-01
1.369559798201903877e+00
1.749159200579969431e+00
1.164251599302274620e+00
2.907339669064066823e-01
1.452154831552212810e+00
1.245987035288701916e+00
1.251603879680494580e-01
1.519477238513475825e+00
6.175720791036102275e-01
1.540397585635310707e+00
3.988920332366403532e-01
1.593811335044520217e+00
2.131744690303415179e+00
4.886434360177081826e-02
8.357836149255418734e-01
5.737610209673038586e-01
1.753238081082637567e-01
6.323171909214113651e-01
9.118704201659497688e-01
2.273865238209884718e-02
4.833214929554751071e-01
2.367799188562732304e+00
7.082182284289759711e-01
2.596388657799548194e-01
7.791160952791634786e-01
1.956911609038151978e+00
1.124265383694629250e-01
6.541860127703450489e-01
9.396651183352423553e-01
4.371869981552401474e-01
9.220548080876476149e-01
6.160198519036906850e-01
1.036808169629886089e+00
6.021282988725048524e-01
8.730912108107936609e-01
1.105391627407979360e+00
1.918487706193702902e+00
7.889903982319839137e-01
1.269476577790801253e+00
1.779363343061247216e+00
7.392268239208799052e-01
1.102142131065012798e+00
1.011988108464271008e+00
6.762132179281333810e-01
1.219478279844934621e+00
3.876440136201071973e-01
1.600603065936212044e+00
1.069119621770628914e+00
3.445511348950299757e-01
1.153556849154860620e-01
7.219096372682145546e-01
1.333515970375759530e+00
1.426118225063296663e+00
1.098014265346344054e+00
3.158613976501828957e-01
9.222516022391217261e-01
1.589938972240133863e-01
3.054150840813666390e-01
7.396675179248335397e-01
2.363123355046260754e-01
1.825488753151421228e+00
7.624807438155045691e-01
8.624768154610180648e-01
6.481206999449944384e-01
4.456551034408808842e-01
1.859053400480599416e+00
2.117975168104451744e-01
7.032112859579836561e-01
7.374639896416924911e-02
8.284595335423025064e-01
6.716520254025477588e-01
3.805753770853109730e-02
7.195500976190584153e-01
5.541196819643831040e-01
1.240113584034628014e+00
3.719181067070000402e-01
1.099901351098012015e+00
4.089699339971540892e-01
7.719568645448150468e-01
6.521604735697338340e-01
8.376386418427602676e-01
1.216655195829482228e+00
3.079184790207786016e+00
7.901431336716742138e-01
1.801794340081214196e+00
4.504106365612362550e-01
6.778657233717684250e-01
1.457952582399616448e-01
1.025303826419477815e+00
1.433908638073630781e+00
1.471781763150643130e+00
1.892558270330896297e-01
5.969759909894326588e-01
2.956225054818625297e-01
6.955411782257947539e-01
7.976813169951719740e-01
9.355839117329355081e-02
1.193829636699941243e+00
5.691797575704221623e-01
1.121720893402354813e+00
6.964020062131338618e-01
9.752738941432825825e-02
4.649897904751094102e-01
2.840200803260818918e-01
5.015188315043009881e-01
1.468019383021398117e+00
4.608128665236287391e-01
1.874447143434693652e+00
9.332702723716961302e-01
9.298800325697844649e-01
5.284970253726010148e-01
2.145300075584035238e+00
9.875563630790351599e-02
7.331572512275117415e-01
2.663674534539803296e-01
1.178256041918031016e-01
2.210820950835566290e+00
1.234395125368237811e-01
1.236334316255573107e+00
2.244017017172574846e-01
1.034955375371051645e+00
1.091243430974331019e-01
1.272147621956086216e-01
8.032277327357298935e-01
1.306041171992162964e+00
3.394713158120916230e+00
7.988741260613295703e-01
1.134062653974493129e+00
7.294074896187191515e-02
1.378471655498066106e-01
2.064568279076947621e-02
2.941230361543591965e-01
5.330750252747270546e-01
4.944384521987925663e-01
5.133900752655624622e-01
1.858276738608416190e-01
1.136187551698037312e+00
1.651229086707247939e-01
1.772350172099086685e-02
4.805947748248963203e-01
3.607288689605603338e-01
1.897707834509311797e-01
1.148577709711792183e+00
9.756185607601245424e-01
6.832701380423744641e-01
4.249410583698333133e-01
1.113088042970862057e+00
6.506724759472217734e-01
4.336229586899053579e-01
5.644515540310509616e-01
3.791371787476969790e-01
2.732863248732324002e-01
3.503057041460230780e-01
7.442207028010059400e-01
4.969555940937678273e-01
1.281827985140225445e+00
4.376533699226695107e-01
5.671045768748177451e-01
8.221457283941370209e-01
1.147525865189278571e+00
9.763315111330372886e-01
2.739519224713169443e-01
2.396253964801692504e+00
1.869041439320709763e+00
9.141773074873861260e-01
1.060821661651998316e+00
9.492493683438657515e-01
7.402014670253855844e-01
1.348761231799860294e+00
7.163069505293853112e-01
6.019558799089879120e-01
5.012173435557277790e-01
1.893844415701091966e-01
6.226243945558503912e-01
3.384192601131016942e-01
1.716054650011813898e+00
2.245664641926686578e+00
8.750221611900794727e-01
3.443136074713821215e-01
1.794291239563263529e+00
1.012430170473998636e+00
1.724595064219742513e+00
5.966331814857211979e-01
1.428234270439852294e+00
8.292832100454533562e-01
1.948279419710325366e-01
2.228999580484143372e-01
1.040594979838775913e+00
1.339493338173683989e-01
1.015363493459880750e+00
5.911895204408205151e-01
8.869634093589212620e-02
1.310094679540707019e-01
1.356205230073522117e+00
7.583383636835812069e-01
6.947660859326268423e-02
1.055406925563323384e+00
8.476157867497710052e-01
1.114585136805942289e+00
4.820592211822373740e-01
6.102391786562635367e-01
1.380165538323306462e+00
4.507206908970952663e-01
9.507130139059202234e-01
1.775794274298244435e+00
3.199587412076865811e-01
7.156599119714287527e-01
3.766856073563512042e-01
1.116558282350921472e+00
4.309530053080952161e-01
1.924790915091552090e-01
3.133403307236059643e+00
1.096619704854820077e+00
2.135695168713376835e-01
1.531770898255358615e+00
1.151638274384089833e+00
4.147799672026359907e-01
1.333164529129868381e+00
8.541938746261256155e-01
4.976344348480411517e-01
2.777910942445049880e-01
5.923633294890106454e-02
8.084296932057704055e-01
2.136394568355983736e+00
6.277680984456891489e-01
7.178123190298909551e-01
9.862774173507180553e-01
1.913312116674954266e+00
3.317840998652978324e-01
3.325492338795711378e-01
1.828365727723157141e-01
1.094598512865979423e+00
4.898821718747761039e-02
1.344774102308073260e+00
8.674086032797105883e-01
2.375304208368414771e-01
4.818139934602923002e-01
1.008893857460743559e+00
5.165551392907056227e-01
4.334798699459388449e-01
1.469329211386033007e+00
1.398528063564007384e+00
7.845559849587998569e-01
2.568697915553111444e-01
3.082026272929825894e-01
1.062219495235734223e+00
2.091057368597715460e-01
8.177674680874992552e-02
4.037819405227058289e-01
5.197890363767119215e-01
1.504654588729644304e+00
3.297575754843038442e-01
1.720593628347370174e+00
1.668629035775401892e+00
9.764519038733024958e-01
5.700781792384108648e-01
1.346297719361302825e+00
1.140524322400561008e+00
8.547419879830928657e-01
8.815586860836748251e-01
2.379016396959956037e+00
3.989081359184978304e-01
3.541623094792989868e+00
2.537387135717737996e-01
5.680075394292743302e-02
1.869609799398757266e+00
2.296672928511653833e+00
1.946554125089183129e+00
6.295613574345311214e-01
6.484778428417848906e-01
7.052048953227822992e-01
4.134270437338528614e-01
1.203098266177936360e+00
1.000863431226148847e+00
2.472305712756444063e-01
1.931541173108185072e+00
1.257125581379157309e+00
2.534014463854910915e+00
2.089932438341011167e+00
1.605538036517213163e+00
1.117427505123808507e+00
2.069588810967178283e+00
7.464998637248082785e-05
7.873499146510570812e-01
6.705462605813407029e-01
5.991934276964560047e-01
4.115231979297235831e-01
2.679931889941735701e+00
1.049864019098805112e+00
1.630123027176726858e+00
5.115669910720053309e-02
1.725286264345488041e-02
1.316130424800779464e+00
2.200980913440075071e+00
7.275653127517156538e-01
3.642754044631595078e-02
1.249975048428645152e+00
4.282134830288185090e-01
2.124367432198168426e-01
2.057926956604944346e-01
4.594384321263772497e-01
2.515322288495089667e-02
7.621575348294453711e-01
9.961769946555997235e-01
5.392195263876725653e-01
1.336033745820996099e+00
7.487665159923033720e-01
7.496495798863883619e-01
8.074019793110090437e-02
7.593669381508167948e-01
4.628380592476590838e-01
5.883822352610506012e-01
1.432745318916498922e+00
5.779234203851590229e-02
1.378738695833602534e+00
1.359174933538257024e+00
1.120429514309451369e+00
1.321124566530897104e-01
5.659233506359461208e-01
8.221633364476789163e-01
6.668085852673090175e-01
3.719133798018697118e-02
3.230916083775307590e-01
1.863723231418862980e+00
1.829290594071194542e+00
8.950671386700297383e-01
8.266772985150686592e-01
1.409903603939710315e-01
7.301412207060418158e-01
7.029811361988373974e-01
1.185143645639887389e+00
5.256381518320603075e-01
4.026484941428529196e-01
2.324191310845836328e-02
8.192187991595577534e-01
6.744063336273518061e-01
3.819887427778179134e-01
3.698318515727992417e-01
1.019316123565990662e+00
4.837021180258276876e-01
9.630624331545225569e-01
7.068178967448590644e-02
1.754903689035729686e+00
1.055266299485434045e+00
2.453060000955990527e-01
1.299376609992830334e+00
1.867013914536545416e+00
2.741869119547826750e-01
3.979977092292815155e-01
1.487063321867036603e+00
1.004542594836471125e-01
1.598625508071450582e-02
1.288535176991405795e-01
3.157212471525693287e-01
1.399693915322930193e+00
1.214618811619469385e+00
3.138723552843038500e-01
7.340230910009241105e-01
1.198898009722514368e+00
1.906662866411539481e+00
1.934091577599586387e+00
5.275722556618667181e-01
2.500424934338991712e-01
1.281305219433471858e-02
1.222715849730326765e+00
1.039581307193709003e+00
1.634505893453733538e+00
1.542450614360812100e+00
5.797403913244693063e-01
2.538275271601058147e-01
6.394577509842832574e-01
8.873603197220227834e-01
1.315383807674107786e+00
1.950026039669408295e-01
7.224398901977151510e-01
2.747056900732724571e+00
2.502580957133562767e-01
9.268354201858212127e-01
3.968393761385060614e-01
8.007854232651020476e-01
7.197533266478911562e-01
1.587361138417076489e+00
6.257637867618734973e-01
5.323019272095856902e-01
1.097449539909451655e-01
8.214846018031931596e-01
2.024273836037185692e+00
7.223207272499317932e-01
2.916906538752241929e-01
1.016762829570712762e-01
1.346058442158958590e-01
1.512503447387333111e+00
3.186238389069220855e-01
1.523685370619765278e+00
1.375868165385655706e+00
1.692415848409171142e+00
1.015157797651581761e+00
8.070830119758183319e-01
8.188783083775895699e-01
5.554113919048153658e-01
7.184245297918102902e-02
1.226716063056523698e+00
1.690183272158070293e+00
2.257185722743832446e-01
1.185030762853691133e+00
5.079157990313806215e-01
6.907932857525679315e-01
9.492019039166914585e-01
2.434514833469737238e-01
1.382554892668159674e+00
1.283535462857646525e+00
1.561718857512339742e+00
3.256974707413679698e-02
2.837678261998527809e-02
1.170248339869466747e+00
1.083397431186757576e+00
4.047183604404286927e-01
4.732404308789684988e-01
4.972627705012086508e-01
8.721120363260110864e-01
3.981562649887362970e-01
7.565149165574035495e-01
1.666314135898667947e+00
8.681486644582974144e-01
2.482847252625604906e+00
5.441279826962834854e-01
2.236580956191896341e+00
7.109338802149594017e-01
8.815690336309625064e-01
1.631102383562038627e+00
8.702596900325297868e-01
5.882151695436997618e-02
1.139172393705666364e+00
1.804383817076463392e-01
1.465242106870716932e-01
3.020946850881867096e-01
5.806910559457674204e-01
4.367647344407702414e-01
7.660999446595253559e-01
6.178956701270984508e-01
3.066111356008982547e-01
3.084336963014435717e-01
1.064509484077107215e+00
1.234507297172232176e+00
4.984858359489174190e-02
7.353719929176515402e-01
1.156370908978363587e+00
5.788622958314542100e-01
6.527736610769845349e-01
1.086723363272295906e+00
1.076810013963705348e+00
1.644869637539732032e+00
6.217670585180448128e-01
1.618469156052111169e+00
9.011872787695481835e-01
4.875674302831374540e-02
7.758852655739041371e-01
3.688811377083102694e-01
1.177196991128544479e+00
1.499366555450739324e-01
1.058808326084468288e+00
6.841869612235108589e-01
5.559661093293714051e-01
1.251745494698100369e+00
9.605456563868758346e-01
1.527784084772957143e-02
1.405820514654654518e+00
8.053953818898356154e-01
1.354195961388530822e+00
8.877882250132071995e-01
1.044573784373696856e+00
5.156884137984760752e-01
9.167623987954883757e-01
8.610189343967657172e-03
8.577154015512793439e-01
6.124724057119651510e-01
3.751168523146712896e-01
3.468140275421308649e-01
1.786856947264086948e+00
2.857181604101088346e-01
8.733709049555796744e-01
1.597968718401428789e-01
1.967108694017551285e+00
1.087809873571339153e-01
1.155973262415888936e+00
5.412679457482092449e-01
6.488510373837971246e-01
3.732359493363217040e-01
1.949124138960613095e+00
7.377218215256503564e-01
1.122105794079564012e+00
7.485128063883841332e-01
3.403478151923637340e-01
3.001222842801483659e-01
5.872852169909034137e-01
8.039238754464564374e-02
5.495143868439427148e-01
1.650616660461202478e+00
2.598825783909404774e-01
3.288891996914449778e-01
9.400497486807914971e-01
5.628661502780437642e-01
6.884421217267326920e-01
1.685677378169812834e-01
1.435635203628457646e+00
1.125226403920892793e+00
1.328364059351650583e+00
1.589200509522892713e+00
1.413716113680774766e+00
4.715381653197997514e-01
7.085100135611860361e-02
7.088958343203116685e-02
2.836657804446777731e-01
1.206926838162833304e+00
1.209506433105548076e-02
1.716798936233634665e+00
4.618990202030460179e-01
4.668684275780595749e-01
1.853660291819766159e-01
2.133520445445928060e-01
1.003084012197085650e+00
1.164489927143856907e+00
1.015729175192666034e+00
5.403140903795218275e-01
5.261563556777334449e-01
1.027490519410853675e+00
1.482744267472870359e+00
1.121417207029604235e+00
1.166324382311471730e+00
1.733874917647577896e-01
7.253425553849308649e-01
2.284832602938343893e+00
3.881108834997657464e-01
1.860207017283946218e+00
8.770685111987662763e-01
1.141255987391252891e+00
1.168104888704569522e+00
8.686460306171767121e-01
1.019213261183859576e+00
5.339416047559185641e-01
7.605341221656465311e-01
2.354793437746407037e+00
8.927186151782078305e-01
7.226832708637022096e-01
2.491051845975777557e+00
7.873727842330352500e-01
1.036558046977313463e+00
5.251805467219938794e-01
1.984875567695463805e-01
4.031131278945307428e-01
1.272228247395060130e+00
5.155518744311523571e-01
1.765121320884421585e-01
5.327647513316350336e-01
2.485636172526365151e+00
7.544352706252771545e-01
8.624082262944480215e-01
6.563955658378518854e-02
9.925964583373076966e-01
3.463903398845799564e-01
2.488376298094013839e-01
7.917551266797321352e-01
4.826117926737155117e-01
1.123053112404354348e+00
9.758377126367007159e-02
1.153239508524890100e+00
9.015943350261819422e-02
1.678131167704121074e+00
1.507961796193596216e-01
1.452600596813833356e-01
5.301208444890410654e-01
1.447905589459622666e+00
1.171631773551221167e+00
1.176814371451271102e+00
1.607490300530395544e+00
1.419448148348546157e+00
7.144362514321306312e-01
5.879240518309268859e-01
2.516640965741551161e-01
1.663753332448178190e-01
6.435978356803181977e-02
1.578298119502397734e+00
2.599422368874100719e+00
1.175897936986392556e-01
4.923015878003928480e-01
1.169976333580979411e+00
1.583045636872391082e+00
4.110716181936598934e-01
5.296482164250132518e-01
1.164122997530770531e+00
2.984537005747581184e-01
9.782493497361572921e-01
1.404446404307935659e+00
1.911868013863751367e-02
2.824305401063623502e-02
1.774132465718111229e+00
6.128946742283787330e-01
5.629083587157600599e-01
6.827350880380429476e-01
2.505169990734422703e-01
1.993008590174619177e-01
1.543619742523627325e+00
9.576055626136944499e-01
2.679026737588594997e+00
2.477070112734762464e-01
1.686862935393428631e-01
6.844028780886088903e-01
1.034541589694668362e+00
4.920437805191881231e-01
1.390161627275275480e+00
1.526087819974923265e+00
5.030652249811011778e-01
1.981128513768192628e-02
2.218057282029207933e+00
1.300291992542712549e-01
1.150303624544062542e+00
1.074115921672812890e+00
6.959607428999992074e-01
1.179543226886345719e+00
1.189358101942020962e+00
6.577895525591483938e-01
7.793951895557533760e-01
1.237144591317445474e+00
1.348135377011094649e+00
1.391993945064859739e+00
1.069138069916785394e+00
1.201156919212226004e+00
1.334905448940226336e+00
1.133908535365617753e+00
6.877778353971910619e-01
7.417313249278113529e-01
9.305497525720503038e-01
1.396634042892942462e+00
5.863309995185861379e-01
4.929520830638259299e-01
1.608435021661398956e+00
4.469002315466221731e-01
1.127495736702884971e-01
1.021851985093731985e+00
4.641533928873423087e-01
1.060159744531014026e+00
5.167575693375450196e-01
1.701042008108118786e+00
1.279387980864197250e-01
2.576242569732948295e-01
1.946027628136756671e-01
7.504556840415381735e-01
1.257675635200844910e+00
7.699277432014879352e-01
1.976593317432739638e-01
2.324730868864650635e-01
2.337959105649282388e-01
5.411540071021408993e-01
8.140383367355066291e-01
8.177142822095038177e-01
6.911352339601579686e-01
1.158865671775615586e-01
3.286023172482082089e+00
1.566130510288506583e+00
2.388840375920504855e-01
1.563957600584908070e+00
1.493882730590341934e+00
2.077408849036400662e-01
7.814711597799653964e-01
1.028135249309557603e-01
4.936561961888319416e-02
2.403538247330908595e-01
2.836820208314120073e+00
5.485335502023995780e-01
1.208392208658396916e+00
1.341133010987996643e+00
1.862423695167803483e+00
2.185448756204813048e+00
1.276128699412890199e+00
7.703302719100570961e-01
1.404645473457259763e+00
8.168364603100447541e-01
8.968660242038989372e-02
8.660439540578149797e-01
6.560630584515670938e-01
1.764375068503168720e+00
2.136582440925866688e+00
1.593114605409167162e+00
7.667907014738851723e-01
1.296681801216587937e+00
2.513632237425788563e-01
7.188582512578876871e-02
1.392002514187139051e+00
1.548428844120185222e+00
3.665016103690654781e-01
1.379014110547865934e-01
1.422712708247932500e+00
1.058666359360135756e+00
3.902931268701461121e-01
9.139290860992739518e-02
1.084609511090721234e+00
1.135395611790801063e+00
1.416022277415097230e+00
4.592100905177109449e-01
3.103837284334060587e-01
6.206437828013151581e-01
5.740583895420212635e-01
1.379002230739608814e+00
9.665837676422194269e-01
2.936179464300411879e-01
9.323911232342062538e-01
9.080464329121369360e-01
1.209168552222622761e+00
2.961482250282004847e-01
3.793774259995253417e-01
6.016407588329849565e-01
5.424693735390543337e-01
1.661216390245570551e+00
6.747420304419468051e-01
1.894622060891796744e+00
1.057793772678924826e+00
1.750179614934193495e+00
7.393167680498741179e-02
4.186829724484273374e-01
4.996197712516564082e-01
1.290341930376937007e-01
3.908312513262041654e-01
4.222070707745582685e-01
5.355973695041964244e-02
1.671205640515302626e+00
1.007270868646842565e+00
1.295842716261190519e+00
7.465726942541849320e-01
3.096593902256304931e-01
1.578662456808632264e+00
6.170990862425953516e-01
8.548179846574673890e-01
8.266226394585181048e-01
3.002456761806447938e-01
8.562848275337628934e-01
4.508364088535700143e-01
4.088512495623309873e-01
1.761477684358815354e-01
1.671242414541003196e+00
7.437050503046032102e-01
1.520520936949701030e+00
5.773703257865632210e-01
9.459832668873264794e-01
2.955731869682602930e-01
5.124719744594867787e-01
4.058006380159078774e-01
8.090006491134048572e-01
2.808830318745191845e-01
1.697729188094683650e+00
3.897303350991869197e-01
1.490044048247019637e+00
3.739828115077499238e-01
6.459496046066514063e-01
1.773626205619944773e-01
2.823116345374300229e-01
1.292492643248742024e+00
1.197164090673435988e+00
1.253352209092131631e+00
8.955138891158700987e-02
6.844177765759786869e-01
5.111581846212027713e-01
1.285421905960398181e+00
5.042905104185823051e-01
3.245011578386249873e-01
1.182200913162920086e+00
1.473548179255962598e+00
1.221966862086159900e+00
1.019709371868877001e+00
3.133030259864969524e-01
4.636679786069002746e-02
1.179349207801096422e-01
4.139647229932481159e-02
1.688970325934468497e-01
1.154225081111734386e-01
2.008499217426650496e+00
9.572441716544581869e-01
5.549058748078607994e-01
5.844553768850131448e-01
8.498344496765731781e-01
2.516644321788129579e-01
2.351268851763633760e-01
4.178896024936273323e-01
5.287797615179817834e-01
2.345259208248015592e-01
5.299100332214832232e-01
9.732917241162244437e-01
1.422464630912985584e+00
9.176974570147329313e-01
7.580089876434868978e-01
2.577737391905200459e-01
2.447662392806673470e-01
3.413944593138634187e-01
5.557654809483318914e-01
3.040971061642335216e-01
2.791547886086299890e+00
2.081104601571362178e-01
4.756532725905846526e-01
1.565751396589919908e+00
1.236331764704835301e+00
1.304309759312200168e+00
9.679224985206734411e-02
7.547321928898659271e-01
1.038400496942558232e-01
1.647906817379177324e+00
1.863749119100007290e+00
6.202408528071533256e-02
1.428331919548642415e-01
1.327780078809351338e-01
1.111965041768564755e-01
1.015499554429768247e+00
2.559923621312545361e-01
6.049790975706040852e-01
1.788605171809545813e-01
1.178608150754456574e+00
7.102933563508203596e-01
1.359054620543316050e+00
4.940636472004644036e-02
1.406024929335833562e+00
1.290066173254708515e+00
1.184912820308769765e+00
8.273670061986945420e-03
8.712665523913112331e-01
2.182653490961535825e-01
3.030001228545848302e-01
8.637944633943346606e-02
4.184927522827766033e-01
1.162303533067965855e+00
2.378124463235922192e-01
2.154691798041746598e+00
3.051857444070294467e-01
8.339670283156213060e-01
1.524713570609684599e+00
8.666920454673794350e-01
5.898501009727166178e-01
2.218182889785556555e-01
2.146256912534840744e+00
5.972007109043911965e-01
8.599368564620437638e-01
8.617044692334474565e-01
1.542217611297252988e-01
2.032600108407799366e-01
6.649430051565278221e-01
1.510824072139785645e+00
1.477918027596633710e+00
1.451088781347105838e+00
3.325069600530715375e-02
9.648802085257133232e-01
5.103814849539851650e-01
6.906055456337054088e-02
6.259241920046556551e-01
1.173924981875122731e+00
1.849507544208471854e-01
6.573358663713340100e-01
9.457029380361813287e-01
4.872454530160301445e-02
9.760152736528516781e-01
3.162581335613314337e+00
1.463245699050167214e+00
1.549632440697493951e+00
4.831768593756591845e-01
2.444438244987185149e-01
7.442934899883452138e-01
3.481414976605335942e-01
1.541445521215647041e+00
1.181743231206019651e+00
1.443854179825120099e+00
9.846772647641773013e-02
7.782601678821583491e-01
9.231291776829771145e-02
1.296680820293385272e+00
1.315161710612671619e+00
9.365077059469205656e-01
4.666722772156539634e-01
2.775292138216954307e-01
3.814687668113121433e-01
5.124887030199885007e-01
1.011739933643869938e+00
3.481717681377810569e-01
7.579654353934188737e-01
1.698824032967926501e+00
3.527293241608093211e-01
3.750486712548924406e-01
2.594578709685725904e-01
1.822233109168783338e+00
6.983572971065828972e-01
7.554064817267640564e-01
2.036729609339050562e+00
1.096084838908861769e+00
1.001078392395131855e+00
1.445910730109180253e+00
3.243256702205532527e-01
3.609403900486631844e-01
1.494344302543916016e-03
4.369608422423958971e-01
6.556651134564730476e-01
6.489758072468432282e-01
8.329621474224316313e-02
9.711584255980822977e-01
1.262378565355432025e+00
1.058526245552737222e-01
6.657997816168191862e-01
8.472026458064945142e-01
1.500147367512718877e-01
1.160156679608203900e+00
7.299727791777510522e-02
1.363076823992337649e+00
1.923797550712830207e-01
1.144333979660765443e+00
1.510454590643813377e+00
5.288513404712097410e-01
9.997226487716895926e-01
2.445023179841327110e+00
2.210915718422532539e+00
4.619675392003425030e-01
1.258010080466466452e+00
3.014935221549018274e-01
1.757240729892610265e+00
2.529257139535089127e+00
3.460667337256155274e-01
9.316318751283793054e-01
2.949854073388254450e-01
7.570574792628097516e-01
8.631252618615932182e-01
2.476079479868004418e-01
7.484928075554319049e-01
3.921047219523675631e-01
2.132286264064922332e-01
6.293169629657240083e-02
9.576577783951186751e-01
1.670694911903962243e+00
3.106125943730661532e-01
1.215962975554965020e+00
1.515048594926764469e+00
5.151725984386832380e-01
1.108513567142768608e+00
3.560794505056255610e-01
3.552405363689729589e-01
2.409598579021416942e-01
4.196018574488283859e-01
9.518658052075151810e-01
6.158615506994148392e-01
1.172812458406031988e+00
8.366436493605096114e-01
2.103387808215091415e+00
8.164812591142352194e-02
1.500336466861138529e-01
1.076104247362631217e+00
1.163785631119014646e-01
1.147120537726558753e+00
1.289836855591102616e+00
9.069271276688805061e-01
8.895579213918466399e-01
5.204484642593278920e-01
4.670581306678509570e-01
4.600041967816040356e-01
8.186933301682003394e-01
1.068860644494132650e+00
4.683862441906926910e-01
1.427560203355283885e+00
7.673679999634241966e-01
2.836056627132405583e-01
6.130196394446897623e-02
1.794940962564874898e-01
1.090761805949101992e+00
7.111444088464781155e-01
5.610800331630418913e-01
6.252884682979333864e-01
1.077541087936973119e+00
1.168516954397767371e+00
9.769250663369957732e-02
1.060297766972717382e+00
5.989967446686651487e-01
1.852912831024044749e-01
1.273438586660714744e+00
1.205906158384946858e+00
8.392611879856187729e-01
1.831756295042920035e+00
6.621716675645451800e-02
6.386263499628389573e-01
2.031872737284483144e+00
5.274081181096933468e-01
2.671540658012683811e-01
4.028204128077052526e-01
7.802920866026945568e-01
3.107178002477867795e-01
1.693708572760040498e+00
1.785538071320200981e-01
2.240620926593260287e-01
7.201338932069104581e-01
8.066220171190705557e-01
1.036922129184964847e+00
4.899568588569587213e-01
1.428402039249805799e+00
7.293136406151876638e-01
1.214815081519432099e-01
4.524896438614960381e-01
7.023286089698310697e-01
8.377837226600164111e-02
8.230663902685859956e-02
3.604672896826432993e-01
6.837214336493440126e-01
7.773837693978319363e-02
3.247646564146628445e-01
2.168884231037538690e+00
1.157204424151590194e+00
2.243387081125099158e-01
2.600404552388256574e-02
8.129718870758479987e-01
1.099457171056608562e+00
2.840219893082845948e-01
2.480021897826881760e-01
7.726636637497410476e-01
1.938051983615713070e+00
2.490171956278562637e-01
4.934168426546351460e-01
3.268743546828325464e-01
5.739199408679080960e-01
4.861557547048840910e-01
1.770338459771563511e-01
1.402210536430286592e+00
1.274555022482501743e+00
5.490179611096862589e-01
1.021565827703744489e+00
1.017510252625163591e+00
1.182332144517399763e+00
6.788451822360769272e-01
7.506063972519163574e-01
7.118098765336248190e-01
2.031851411043231970e+00
9.907071154943833946e-01
1.654470652979382228e+00
8.507804945792883933e-01
6.358193505637294018e-01
2.073508740419274243e+00
2.507600494132056212e-01
1.432985003870969276e+00
7.541029892726286432e-01
2.125920844812934363e-01
5.345670419863239597e-02
8.174695646322421849e-01
2.738616653330280259e-01
1.256191761822168296e+00
1.821616337544902153e+00
4.918394898351656219e-01
1.206126639290945768e+00
7.186178369138433997e-01
1.493407186637103923e+00
2.588210242810689010e-01
7.285709485772119409e-01
6.643359428891405516e-01
6.026214492931379896e-01
9.635877739669064523e-02
1.321992817206411874e-01
5.121861987767356572e-01
1.926047748002807786e-02
2.717415182464052670e+00
7.966174781380743752e-01
2.716045758024492884e-01
1.693605927331679695e+00
1.212415008055391930e+00
1.610371746928048950e-02
1.905422395019096271e-01
4.268764188840775131e-01
1.331326963453597356e-01
1.781947385173494380e+00
1.224539436453352836e+00
1.200266497970726265e+00
1.996126761836976238e+00
1.312735167897339794e+00
6.642407606722359192e-01
6.386270226804360295e-01
6.921094072388510599e-01
9.242011441811367467e-01
3.365742165787979912e-01
6.246817461804390348e-01
7.584645646304698507e-01
8.643091009686815207e-01
4.580158647563116192e-01
9.294797286345056753e-01
8.539062481539315685e-01
4.195659664255590449e-01
3.761267542655070684e-01
3.577683918669800067e-01
9.300612484984602801e-01
9.995044576759414268e-01
3.844268547321563756e-01
6.403271474262693663e-02
5.620054856193543169e-02
4.396160947513562123e-01
5.545008293380502273e-01
5.607036542338332541e-02
4.536917546687301017e-02
4.265819129962362122e-01
7.398720469889574769e-01
1.087774521350141965e+00
1.077694885718754714e+00
7.030970483024441275e-01
5.493005396646779559e-01
5.411873912518335716e-01
2.003255905134100345e+00
6.259856043689412397e-01
1.166532615358500502e+00
5.777328399775014667e-01
1.710726043170719191e+00
1.612186889897879283e+00
6.982653866176022905e-01
7.654496558013003105e-01
4.864779317202553299e-01
1.847495265882978188e+00
1.305532668161610843e+00
2.021340108686517922e+00
3.433518437268499035e-01
1.628692120448757219e+00
6.934818145420934554e-01
3.114222113195075914e-01
2.822996985545288551e-01
1.877813761746252863e-01
1.026414452599937022e+00
5.987380721508401837e-01
5.046338609777242246e-01
4.231385657099129283e-02
1.691248358590306811e-01
9.691311770884813992e-01
4.670084690061105381e-01
9.150565428599243267e-01
3.556889411434238091e-01
4.182105356135796814e-01
3.806518269456050235e-02
4.319818410430699696e-01
1.879294509232162458e+00
4.364790863797204934e-01
1.209527545316759989e+00
8.056946877160415799e-01
1.185693717803992353e+00
1.338986422543431143e+00
8.370344863732227525e-01
1.118072476200163701e+00
7.943913279729211685e-02
1.586525819226445089e+00
1.277933153439845482e+00
1.734485636705261236e+00
2.821760513571628937e-01
8.297068091776218512e-01
1.518890779871178820e+00
4.090450897390711105e-01
1.642333595958132275e-01
1.167689691304399480e+00
8.715396250571058046e-01
1.509643909536116935e-01
3.820869298761893074e-01
6.405752880071827748e-01
2.706183882087010328e+00
9.107237655006130694e-01
5.847932960331092556e-01
1.324518573839713609e+00
4.042406181177611302e-01
1.759179400591629472e-01
1.264321960230845976e+00
3.091630396371992107e-01
1.689836763624381177e+00
8.921508499909541756e-01
2.901476004268986331e-01
2.884080795031946032e+00
3.293007989916161282e-01
8.736900705893700936e-01
1.706540864368208052e-02
1.478991434823651918e+00
1.548812021116030335e+00
9.034641557947998836e-01
1.782173628139305910e+00
4.129706401188069087e-01
6.371151223380949746e-01
6.363038993063837578e-01
1.002904545916151413e+00
3.169991551014712527e-01
1.217403173932217753e+00
1.093571345934414518e+00
6.933874792507508378e-01
1.296809919916741993e+00
1.502253563218225972e-02
6.344669344029065794e-01
2.519231894903662949e-01
1.031966979789061156e+00
1.039114903794597922e+00
8.289530355116907501e-01
5.694472396437136319e-02
2.475184644984953497e+00
1.977767859809424211e-01
4.407702074797526515e-01
6.635565785876259559e-01
3.823440497742726651e-01
8.891065061396139502e-01
2.439119521541003310e-01
5.063488430984324218e-01
1.780688585403113477e-01
1.911196955370532580e+00
9.023918699194524717e-02
8.575321523005967617e-01
2.043512502280109000e-01
3.560335129667946852e+00
5.313766628774337919e-01
7.310565545189305903e-01
8.479081335410122433e-01
1.171990803265169079e-01
7.043948469278593638e-01
3.698452124243508110e-01
1.698457988745220026e-01
6.493662668766347901e-02
2.311550897747390865e-01
2.076910286946670459e-01
9.249530428103549529e-01
4.494919410821393013e-01
1.982658620784162051e-01
2.878182430186434493e-01
7.933179364777506182e-01
1.103449840822827710e+00
1.204362168100601593e+00
8.538348424961176297e-01
1.096506778223806489e+00
2.046883297023111670e+00
7.850228633563798297e-01
4.703480253899053332e-01
9.447481179052202860e-01
1.950894799665673585e+00
4.855393621262753534e-01
3.227987816325477710e-01
9.541801143654939088e-02
1.518895260781849998e+00
4.480404145583231079e-01
9.767390489626057160e-02
5.886184773963128170e-02
5.041295675383589137e-01
2.491471812278270026e-01
5.761708511278155198e-01
5.077596111912169308e-01
1.008792875465056360e+00
7.402278812645747275e-01
1.362850221899156722e-01
4.102299101792087344e-01
9.906883719848866288e-02
1.461904594199586960e+00
5.584712373144916642e-01
1.966468211920809062e-01
4.477845973193703699e-01
8.362536106426247118e-01
4.553745621781132846e-02
4.582878010238565503e-02
6.069537010825112322e-01
3.466751342640286837e-01
1.668136013393226813e+00
1.432761850095507938e+00
9.590765577230409011e-01
7.147315987987058472e-01
5.183021832712624288e-01
4.753680224569242080e-02
9.476735917654723895e-01
3.845366683529552465e-02
2.871143334273429382e-01
3.841799475688033594e-01
8.003651387218839452e-02
1.446973181887504012e+00
8.315538054743758511e-01
3.128338366920954683e-01
2.013967106326265688e-01
7.000617923096867923e-01
2.130251282654258560e-01
4.512375202477837410e-01
4.963348333133444923e-01
1.055306819863452539e+00
1.753602482152150976e+00
3.668173896854310390e-01
1.412903289691931796e+00
3.529511325279103828e-01
6.236669490548555350e-01
1.212500444790829635e+00
3.682833890140163047e-01
2.254900354228547954e+00
5.158757335636384583e-02
6.004032636379914578e-01
6.215213307902343054e-01
5.349613165456590380e-01
1.521153487254590875e+00
2.600913989846567631e+00
1.525012630856024676e-01
2.731980828956987462e-01
1.477112625248365285e+00
3.646164895883302615e-01
5.473754576396318017e-01
6.734684162434406707e-01
8.178631671809230008e-01
8.350702457704578530e-02
3.364907000027025918e-01
6.066614986718328328e-01
7.088111509292774892e-01
1.731592707071636095e-01
1.096485913295112136e+00
4.384923041579273373e-01
8.617159655219033265e-01
6.301357538377203582e-01
1.604314618711579321e+00
4.022066988596793569e-01
7.942722747406862904e-01
9.003512682415197865e-01
9.480122490745412911e-01
1.471132887607193629e+00
3.594788916613502194e-01
2.728445119745178671e-01
9.837563317882540292e-02
2.824304939409913451e-01
2.046944058701958002e-01
3.047510508743311863e-01
1.823074840927185192e-01
6.797332405940350597e-01
2.310556113450481064e+00
2.069974367801513948e-01
4.195374882851954368e+00
1.351166888164945790e-01
1.102927189977552347e+00
3.690380866573328422e-01
6.482748547825329943e-01
1.000047502984529713e+00
6.211138710220133197e-01
1.214615737783912186e+00
1.640478112872622296e-01
1.648758333090811212e-01
7.480690257723446868e-01
1.854487642157471639e+00
3.859252241673096773e-01
4.994605476495019708e-02
3.640952481137993413e-01
7.426975459155419346e-01
1.248245383774673423e+00
1.362870148400181280e+00
1.394317176114042489e+00
1.006128906357479202e+00
3.409039041061399239e-02
7.568187600254568936e-01
5.827704846672601136e-01
3.991098483212924264e-01
1.206456817361361289e-01
1.562395732770718082e+00
9.539480616711980554e-01
9.053513568047567572e-01
6.327279501343057166e-01
1.073417117388745678e+00
8.205387885182994223e-01
5.305377332718463901e-01
7.356929439485571098e-01
1.928375173202616019e-02
1.290098003331468624e+00
2.301451723867693033e+00
1.224208245853638743e+00
1.253640930961470223e+00
1.371388440625085137e+00
5.364605039285978982e-01
1.333433249837632673e+00
6.603411368803701054e-01
1.598306837525817592e+00
1.149961646314668906e+00
5.991923452944360878e-02
7.091574614667611742e-01
3.065133637419370505e-01
1.809746179117466269e+00
2.549005970943015509e+00
1.303973713238883558e+00
2.416773544336666912e+00
1.951578130367175756e+00
2.208505992461504142e-02
1.580783142654086593e+00
6.658901496217221050e-01
2.383722252917641615e-01
5.892312405144645160e-01
1.327200955669135096e+00
1.627777453918759276e+00
1.726728339245907351e-01
5.105197550356760372e-01
3.170932808782014889e-01
1.636340453721677024e+00
1.424723026735105869e+00
4.375080936977499557e-01
6.876593360574591030e-01
5.661308939751302782e-01
1.249358268228555752e-01
1.310054560986088912e-01
5.852783092850207813e-01
4.284494512342043038e-01
9.760824233785523329e-01
3.917148174500230118e-01
2.369896425427796327e+00
4.984612540375426004e-01
7.325967040426556443e-01
1.474708100497086560e+00
5.403937529598780154e-01
1.247656746069490952e+00
4.503316032728760243e-02
8.166892457666007354e-01
1.367969592935436018e-01
9.699990606415288541e-01
1.469865487630805267e+00
6.271651329674956532e-01
1.269893899990942820e+00
8.233305488062604427e-01
8.267778870548223025e-02
2.433194292057030861e+00
1.451556207674216559e+00
2.739830090316820677e+00
6.013285298343296059e-01
2.250443252047174270e-01
1.456356419121230539e-01
1.827200377510757034e+00
9.215513611684829076e-01
1.784779350762192296e+00
1.189988917759967624e+00
7.106787379348824540e-01
2.875596749930540152e-01
8.749689451023725528e-01
2.282638890133539711e+00
1.996189583457609051e-01
6.011816735348539664e-01
4.364713113391794908e-01
1.137489537015079266e+00
4.863971580407475681e-01
3.807029379733488095e-01
2.780218287193094717e-01
1.162891639959526824e+00
2.345132412615990036e-01
1.831145378334429807e+00
9.596345078306437459e-01
9.577040256488275061e-01
5.047553359056400346e-01
3.871166004496442437e-01
4.470032166898220138e-01
3.272811907921230334e-01
3.469895989948980075e-01
5.847516192632189469e-01
5.609792914351261484e-01
1.182398732300187882e+00
1.096369592167182772e+00
5.598889100378255934e-01
1.464414050384155619e+00
2.076375189106598018e+00
1.371163346981427722e+00
1.342759992255533552e+00
5.265214250483760683e-01
7.872867343600520318e-02
5.479934876045872150e-01
1.104905875626918665e-01
1.144423244989837496e+00
1.803033049553876221e+00
6.478789393064841029e-01
8.370079034381616712e-01
2.353981031824041795e-02
8.071195541649727190e-01
1.399853739431689226e+00
1.697846276672688060e+00
1.070143956822350528e+00
1.494414802548466037e-01
1.795402790655504510e-01
8.439543989664045620e-01
3.573841604215630685e-01
2.085915515448421853e-01
2.135279154461258433e-01
7.759846428352005221e-01
7.367616993473977693e-01
8.505613861994435476e-01
1.384017221245296803e+00
3.410194575338656442e-01
5.202299624192571192e-01
7.073080908154466551e-01
1.492256537424162088e+00
4.365843175668100984e-01
9.131634446312419939e-01
8.292589588475451912e-01
6.742119375636108636e-01
4.340866923502808561e-01
1.937359480874323858e-01
6.356465303560818736e-01
7.554411634275310927e-01
1.124712604503258051e+00
2.747615475055464884e-01
7.058565530878535554e-01
6.045254515018863017e-01
1.234077992223395981e+00
2.853163747679600126e-01
4.239286530846888001e-01
6.387022976300691379e-01
7.987870927551969924e-01
5.866593152413794865e-01
6.660751713825255882e-01
8.062253060948659789e-02
3.885460335912505059e-01
1.224485009668751623e+00
1.545422153064929693e+00
8.429624381306644043e-01
6.206645021811144636e-01
1.925630307329746049e+00
7.414114447928877860e-01
1.038688905202042712e+00
1.923042004498419152e-02
6.940508588197662476e-01
5.788623784777192638e-01
9.283350064599483753e-01
1.389161330548425832e+00
4.201188105892310065e-01
1.679096245642491825e-01
2.507317650538660181e-01
9.486311269899506682e-01
7.586642731186657995e-01
1.028857685380943021e+00
9.797693448017484874e-01
1.177284680219203405e+00
2.679409172165531650e-01
2.368536406781459464e-02
1.651318705959923527e-01
2.017317761780813568e-01
6.796812339360329691e-01
4.457005197039981548e-01
1.788986901385759332e+00
5.345678589404125880e-01
1.398496651903154975e+00
1.527848147144615920e-01
9.311022195809818269e-01
1.001368265708777461e+00
1.128999459878098133e+00
1.119555189527084549e+00
1.596157172323196871e+00
3.274093485765982442e-02
2.717362393676814314e-01
1.355337836111321637e-01
2.278389471066071703e+00
1.155785969175183503e+00
1.296293633807747758e+00
1.738216995593712788e+00
3.893224117221957270e-01
6.250670139675200687e-01
1.122648122464321885e+00
4.990840319174866258e-01
7.722846916249964666e-01
2.132460108698856605e+00
5.173059295246851264e-01
6.191916802809307452e-01
5.440611129644952193e-01
1.227581481979782563e+00
1.370258739620029420e+00
3.122075063132823125e-01
8.963518651919980540e-01
7.657144023355796358e-01
1.889213811943325938e+00
6.369718464101458144e-01
1.082649413307609221e+00
4.562270342801348355e-01
1.492785024634259550e+00
1.524774460628796069e+00
2.704093169308302222e-02
3.805374416679703220e-01
1.456484336023086412e-01
2.215292003560635603e+00
2.349587567098244456e+00
5.806511060122110379e-01
1.262666227681174647e+00
1.110313453330391553e+00
3.458139452258036650e-01
7.718927310644685402e-01
2.317005282740449257e+00
1.960932563060134026e-01
4.440430705652622656e-01
6.772127465953486913e-01
1.306623660623810190e+00
4.245301551802240225e-01
1.077660886538505558e+00
3.236103811215535475e-01
5.246265647542469601e-02
5.070684774118396909e-01
1.787942528079568549e-01
9.415718171839079220e-01
1.159527491269843891e+00
4.183692048847745815e-01
3.407193015871437525e-01
7.497643582627223635e-01
1.492096801948292084e+00
1.725939505180712485e+00
1.088350024808409922e+00
6.750705730661294979e-01
6.574336193824583674e-01
1.262309566537775707e+00
7.059582275457240153e-01
6.785673042722841775e-01
8.868505971221594120e-01
2.030212368298965675e+00
2.759929676300860724e-01
1.067340900670405102e+00
7.163235149764531906e-01
7.353016495790180851e-02
7.489987632410382012e-01
6.679728109372733424e-01
4.312188609880554524e-02
1.583745439973210933e+00
6.861490721960383787e-01
1.093530248145486272e+00
7.803912499771309408e-01
2.463257749034931943e-01
6.573264260214759513e-01
9.392320617974948549e-01
2.054166290330049716e+00
7.202957322235016280e-01
1.590485655094907302e-01
7.236400890993969215e-01
1.447977051335301857e+00
5.436994248764913662e-01
9.113635886195943225e-01
6.791003031945210822e-01
1.273244741498901655e+00
9.755035728573301368e-01
1.685791428856069141e+00
1.768337678726012996e+00
1.551066960548901141e+00
1.674637786005918727e+00
1.268471158758661455e+00
6.648221262052220748e-01
8.046826500869920240e-01
1.003669052108912885e+00
6.366229137296679219e-02
4.443264902654094350e-01
2.176571297794817061e-01
3.274267148743694594e-02
4.354430794022735585e-01
5.356551165984898555e-01
1.899803098784653144e-01
3.064920144015382264e-01
2.156082162283850800e-01
1.118986431182698915e+00
1.289813329871135061e-01
4.343233718340854255e-01
2.229583406970544468e-01
1.575932210476799655e+00
1.216427315713470847e+00
3.958457215540133745e-01
2.018919925421934991e+00
7.720120478536226516e-01
2.632212970748836200e-01
2.993382489025213644e-01
3.675413377761437284e-01
1.278518400053394677e+00
7.532717534491271127e-01
1.329461275338658655e-01
8.919860663941774348e-01
1.425286493792830012e+00
1.030186657056601174e+00
1.889442583356797378e-01
6.425046683596551400e-01
1.538811340999343136e+00
2.970445104670915715e-01
4.386944498179329299e-01
1.419019112904995605e+00
6.048031719738592438e-01
3.432312828297414686e-01
6.324414788439726154e-01
5.120641838292553372e-01
6.957850400066386554e-01
7.427222199491508858e-01
3.011430268876648109e-01
1.359255697629611070e+00
7.423110295318147145e-01
1.280383311163577342e-01
1.294467905095245674e+00
9.724040401165691405e-02
1.953520375877445259e-01
7.297638537177548734e-01
1.700089491532301711e+00
5.305073911771762685e-01
3.544071107132688025e-01
1.713910315267934692e-01
1.602793491487446209e+00
5.117933390241001801e-01
6.139844795346774964e-01
1.220428288849691456e-01
2.020306312375958591e+00
2.737986789516360653e-01
4.399310977257451238e-01
1.551736845701499334e-01
3.458370838450953721e-01
2.062803987467778100e-01
4.926105673825623699e-01
6.775040242970022941e-01
1.007758535550232759e+00
5.284911326068829629e-01
5.122721141644099863e-01
8.768380222170011340e-01
2.963602433018910909e-01
8.652341923945554569e-01
6.797253663349611674e-01
3.827233618395706749e-01
8.765035939206432536e-01
3.990440093395828947e-01
2.166780453905746973e-01
1.497664812609407869e+00
6.229792071607302972e-01
2.255067557850957360e+00
1.509494690727055444e+00
1.196660795892214413e+00
1.717114046347585576e+00
4.956719790461439623e-01
8.415525455595204013e-03
6.513903577725784766e-01
6.640624212889513212e-01
8.393671325337832556e-01
6.992644897065858345e-01
2.174628411387968530e-01
3.102009588140002272e-01
9.087223989888684184e-01
1.175758208337659566e-01
1.180297837470860145e+00
6.562488066526117603e-01
1.033009494766055303e+00
2.437673106092812958e+00
3.498793406452466170e-01
3.322421350106772309e+00
7.689306621626197380e-01
4.108828018410175531e-01
1.743550056274138838e+00
1.238118203109674242e+00
9.302990917108707736e-01
6.605230315026904275e-01
5.085505448554558106e-01
7.853654795146352008e-01
9.527845223690322163e-01
2.996087094835646059e-01
2.055063052797082346e+00
6.572987097447725857e-02
5.868846995928074239e-01
5.839590323767651636e-01
5.284980861457286849e-01
6.095888376388278740e-01
3.724787787513624826e-01
1.601232894776287996e-01
1.530628030927914995e+00
4.669771684676021772e-01
1.072397185068460157e+00
1.064136632995358545e+00
6.771847705616027002e-02
1.000004499453579498e+00
5.722907294997611194e-01
1.278842304624408177e+00
9.257120437329713347e-01
4.349062166941477514e-01
5.951329312177737751e-01
1.910286686471204476e+00
6.204237392679533558e-01
7.165344479315619575e-01
1.226951851125058779e+00
2.139647748507245151e+00
1.096046294505399921e+00
1.614425712580608074e+00
5.279214326731515028e-01
6.011133396252495154e-02
1.401456774539917849e-01
7.886086841324094765e-01
6.724259323559447221e-01
7.878590460774990145e-01
1.685519457135507215e+00
9.408406313449720892e-01
6.569478214226244228e-01
1.623715026215547308e+00
6.739821740927167681e-01
4.188510427754784521e-02
5.308485750648177237e-02
3.828680539696367457e-01
2.248497257596066223e+00
1.597212906822293776e+00
5.167317292646128601e-02
1.948455321110066363e+00
6.470137544953018516e-01
5.444101233990199518e-01
8.665747724625273429e-01
7.846937840696058819e-01
8.324329836389393611e-01
3.452614760905735325e-02
1.323601255646476682e+00
1.802046616016491909e-01
4.068068776597271174e-01
4.611409344460841719e-01
9.665756690129099007e-03
5.065473568350069566e-01
1.538435442069849834e+00
1.950148683769424185e+00
1.849146490409517396e+00
1.090773579572921204e+00
2.301494693608023834e-01
4.811636041433918140e-03
1.474292057789959032e-01
2.592767172433151357e-01
9.737121495535355775e-01
1.846241721766051169e+00
1.434029269035969945e+00
1.037416488483440036e+00
6.897858443785323534e-02
8.953671245575897664e-02
2.568756655716830095e-01
1.454079816074227427e+00
1.062787056358128535e+00
8.185762179741998823e-01
3.277792990210445789e-01
1.087160451104649761e+00
1.466744787816053552e+00
1.128575095216917956e-01
2.697871508167410060e+00
1.091472013626880511e+00
3.048594835539760739e-01
2.467235453757885277e-01
3.094848627275632036e-01
1.272040908822352212e-01
6.416523614171095735e-01
3.606243371244653440e-01
9.060838212458823815e-01
6.649981474245399149e-03
7.792493793524170043e-01
1.076216651738089558e+00
6.999727507905096902e-01
2.482755128698937164e-01
1.325163426491419605e+00
1.148401311009682735e-01
7.036008837824907214e-02
3.712472991868242533e-01
6.701237341070608311e-01
4.530293576381902443e-01
3.904429162409327470e-01
1.418273417544310799e+00
2.148506350576968871e-01
1.106194053443346093e+00
4.265165547664550028e-01
1.828320779992696210e-01
1.552037404259107634e+00
3.737672029883196134e-01
1.108539482848921232e+00
2.706799955807086544e-01
2.223088521394198103e-01
2.919362374860235976e-01
8.396672418477458821e-01
9.279167570107135221e-01
2.274444028868485290e-01
9.287655471077713720e-01
6.912317066488390394e-01
1.050947104271915400e+00
3.549827984228605127e-01
1.040400537448191054e+00
1.168682105901958757e+00
1.546834503169264519e+00
4.536500518799204129e-01
9.633644367568363620e-01
1.063472382318324083e+00
1.091989173160099913e+00
4.993035569501679816e-01
7.379000601974443629e-01
6.468006200960013663e-01
2.307268816367369801e+00
3.529986732681302929e-03
1.167816734049980543e+00
1.374070136815655208e-01
6.573620588084262417e-01
7.113562666651516153e-01
7.118281717622479410e-03
4.509816655614678482e-01
1.512694217624115101e-01
9.476989712992257564e-01
2.220104507672629179e-01
5.749750635498335205e-01
2.813712336183556584e-03
6.589798986609050058e-01
1.466014983320211296e-01
8.317100453862426024e-01
1.049136113558212235e+00
1.115779612335314530e+00
2.113596283955423150e-01
1.494575131291949743e+00
1.045632557865973755e+00
6.200927931256005471e-02
2.335429368262249561e+00
7.262873794328582600e-01
3.388803840989319527e-01
3.756227033151107175e-01
5.752667405699778413e-01
9.224206094997093874e-01
1.066457123277881003e+00
1.951193589981503163e+00
3.256424776047309178e-01
1.169579646560271247e+00
5.223453634773572718e-01
1.076053436533077473e-01
1.210917943017476350e+00
1.516988584669623497e-01
2.022847707891934466e+00
3.090146607501988996e-01
1.217037129685133889e+00
6.039302255033072997e-02
1.970251293747651067e+00
1.448373166000597845e+00
6.720948658669131937e-02
2.624773290452593333e-01
3.339126612137457983e-02
8.801207212954522685e-01
1.265045567860586750e+00
3.705223144414945824e-01
2.022269393381640468e-01
1.329906169612957045e+00
1.770388053178598431e-01
1.338680039652397680e+00
9.724833972071249555e-01
5.529567357605582462e-02
4.513329340664734013e-01
1.436368612632864528e+00
7.837496907492184084e-01
3.298306626346932391e-01
7.217121004464266409e-01
2.133694760914781607e-01
6.443413932051273996e-01
6.638343118486653704e-01
1.072623409654525350e-01
1.366072030905146173e+00
9.027317648134700612e-01
1.140333071607737558e+00
6.231693740451422769e-01
1.846989593819319930e+00
1.344384386304686929e+00
1.011123997437614747e-01
9.018150358827144997e-01
6.296694571345387015e-01
6.614828600081253951e-01
1.332804844858184179e+00
7.024944553629677291e-01
3.464589886782299955e-01
1.382068842682803389e+00
7.478528905088884793e-01
5.521079307379085366e-01
2.431418548007381553e+00
1.115899383986287824e-01
1.166244579226239642e-01
5.637785025474371103e-01
7.516716179273358334e-01
7.170670169743527111e-01
9.377485429966994079e-01
4.839080742525553314e-01
1.616818904756707198e-01
6.945984156833896750e-02
8.532686320827159721e-01
4.005698784236399468e-01
1.268669355174198987e+00
5.026860987879147036e-01
6.387753314969359941e-01
1.807966955844175105e+00
7.091515687802927292e-01
5.675204682857872829e-01
1.868706809048925388e+00
1.246048826390175890e+00
2.230046157626972003e-01
1.112288992336195381e+00
4.080705088973646810e-01
1.178496438855866302e+00
8.956471068015947612e-01
3.455622208558052910e-01
4.011834976948094877e-01
5.271362051788095610e-02
1.859997518511091741e+00
7.694963403470352903e-01
1.401393761390956394e+00
4.557742429789807086e-03
2.114186250384448296e-01
3.491744468571165161e-01
7.229770039549774374e-01
1.131612998097371037e-01
3.227235717753660499e-02
7.489093130166368795e-01
4.495511414278620110e-01
1.767724684023400217e+00
6.445576452028664027e-01
4.570092912217450509e-01
9.465540136538485028e-01
2.075068547460973356e+00
9.225160279692945497e-01
4.744825757161424962e-01
1.362773403224044166e+00
3.352681364118311191e-01
6.713817969520655682e-01
1.274915103920567505e-01
8.666536889685738654e-01
1.010560614620180209e+00
1.716595210741086008e+00
1.099538847893412746e-01
1.360415451623629146e-01
1.521476483183564321e+00
7.858603195853771650e-01
3.705082616806804063e-01
8.794919262813828409e-01
8.974203456496937514e-01
1.083235797483726309e-01
4.116362953052971618e-01
1.235836969612285202e-01
2.443779829455174635e-01
1.259605065935081480e+00
1.131639428447807960e+00
1.003131163923128288e-01
1.655992877190149981e+00
8.847367141227368004e-01
1.321619991223295987e+00
1.677324328691568167e-01
2.455751649460896913e-01
1.284960795014536750e+00
6.628198208929967361e-01
1.015535166191324778e+00
7.185190007301373027e-02
2.119442672270140382e-01
5.960611466199222663e-01
1.772737661623192906e+00
1.373193559474512014e-02
1.065951850117947686e+00
3.070192120826170101e-01
6.743654098279444620e-01
2.353026334260299723e-02
6.157733482863412267e-01
6.991893572137934942e-01
1.080678234751414890e-01
8.225073574042531810e-01
6.338986565391648842e-01
1.022692387349386500e+00
9.192391990868654661e-01
5.055918521167718227e-02
2.135075927428629616e-01
1.264206345982431534e+00
2.634683831822669242e-02
1.232305699658315268e+00
8.154335140509558766e-01
9.130284316511145803e-01
9.616033440961717638e-01
2.457784793864823847e+00
1.540193094833944176e+00
6.197997118962466079e-01
5.343214160326605899e-01
3.097535684492376262e-01
5.698718049227786686e-01
6.375830577712767733e-01
2.750247191254581169e-01
5.713388507915387882e-01
4.393877281044511474e-01
1.503809781655186979e-02
1.288850865026578196e+00
1.426427439879307535e+00
9.283893653403826329e-01
1.353580865918322662e-01
3.247450765196215339e-01
7.865882103202396225e-01
1.520838546385438583e+00
1.906153907163676275e-01
9.571387178189236788e-01
4.446229602242110501e-02
6.839775888348932631e-02
1.420680670495711784e+00
7.053989458664036150e-01
1.560656784091241089e+00
9.275804672881183821e-01
6.031257963245699738e-01
1.123857527857707428e+00
8.727326261964813980e-01
8.198921169828665700e-02
1.165965832591235207e+00
8.480474953475725108e-01
2.139249424053671356e-01
3.133433431030487326e-01
1.869064793613661513e+00
6.448745037045225947e-01
1.144308838296368425e-01
1.620898525547111113e+00
4.620360662204816421e-02
6.533954309136186245e-01
1.064462028082454381e+00
1.373609479023575608e-01
1.753770297959537094e-01
6.432191614809468216e-01
1.909384735525128995e+00
1.047116943663245259e+00
2.222469665553105378e-01
1.314225796153840164e+00
2.665904423285229696e-01
1.703192672707515509e+00
3.574270624018549003e-01
3.340339965035081793e-01
8.189029408319391523e-01
2.240118655888073684e-01
7.663238258655052926e-01
7.165481135154116998e-01
9.868724453237381899e-02
2.916524231156220059e-01
1.413946464864391572e+00
1.013275148876205956e+00
5.170699152267067555e-01
1.611313118242376774e+00
1.622435860488211645e-01
1.240123250700983171e+00
8.541640888128204656e-01
1.444144467741329763e+00
7.165765051424024534e-01
6.148524052003386808e-01
3.037569569293079752e+00
2.915722409631708034e-01
8.348326273175625811e-01
1.031840514537050613e+00
1.076766295825541508e+00
2.757098172767508681e-01
7.786303136704801897e-01
3.719331192314226375e-01
1.767297187152576887e+00
1.582015012426352341e+00
3.502808766617152708e-02
1.387860789058761757e+00
1.212480269894556262e+00
2.961946300757680173e-01
2.239943592427579566e-01
1.093192962466112084e+00
2.762183342069045588e-01
2.428227224440905607e-01
4.223499665867462283e-01
4.162353324610728600e-01
1.382967979999596420e-01
9.982030794215451808e-02
3.178960519636985449e+00
8.635373871378007049e-01
9.274410605107715755e-01
8.217209125997022579e-01
5.480358852714740936e-02
3.235871036222293107e-01
6.117938943719021250e-01
8.870859447137514620e-01
1.256278006274432479e-01
9.616344417145038515e-01
6.718680429589349301e-02
1.595402007121398125e-01
8.859490004986390055e-01
1.090602019536160983e+00
1.729385123950226921e+00
2.805559200072390569e-01
1.966260512893448276e+00
1.435074003240820018e+00
1.345679378096152012e+00
1.063929855502360411e+00
1.682440252279034931e-01
1.931964704298937130e-02
6.689070785780462103e-01
5.791614645896980829e-01
5.792753074320248184e-03
6.590625203101111440e-01
2.638381128286348409e-01
1.073148186895397815e+00
2.300272017618808729e+00
8.579776029100866230e-01
3.308132518702302551e-03
8.861926429670228256e-01
5.246680798084878417e-01
1.649691394975426384e+00
1.529712384692913707e+00
1.110271845828258552e+00
5.961675698183978023e-01
1.079861348451154557e+00
6.228930256946251243e-01
6.226763987066488149e-01
2.470947090589273198e+00
4.273446878927288917e-01
9.138876969590810362e-02
4.062701848125677834e-02
1.413836136634532448e+00
1.350670122787419158e+00
6.674198412653946366e-02
4.266363824797091975e-01
3.082350035958097978e-01
9.706707511932019528e-02
6.944596993081689762e-01
3.017910996886075115e-01
2.579254797269721511e+00
2.006868572933568462e+00
8.270995403889380704e-01
1.259251926057140647e+00
1.220460723431971761e+00
4.470185944314413184e-01
7.412137325443711733e-01
1.763712864435072136e+00
3.408081712312314160e-01
1.663430472236694602e+00
7.095731157085143348e-01
1.121527671808317250e-01
4.543247069543716599e-01
6.685456342979405331e-02
3.921492730364998236e-01
1.216654029893723621e+00
1.977820643483164109e-01
2.082387294712931158e+00
8.500071160731487163e-01
1.384033383832553310e-01
2.448566716653615583e+00
4.530761634241209923e-01
5.921075913901017174e-01
1.102611566336476834e+00
6.055203440660947845e-01
4.985737207144450706e-02
9.659762781729607228e-01
8.218020261238559998e-01
2.269998286151481692e-01
3.910234652228278041e+00
2.536831555005972239e-01
1.467209644680710579e+00
1.063679282620993316e+00
6.193962737374715255e-01
3.835424257002754689e-01
2.547247832698547598e-01
1.378918264302747776e+00
1.458997814443782799e-02
1.033514848305416400e+00
4.154384469362852328e-01
6.374371372006134573e-01
7.766265768895842525e-01
2.177698934902406069e+00
1.328200250434733998e-01
2.753772057735703882e-01
1.492008068885569472e+00
8.721418198968470259e-01
2.697462732279438113e-01
1.081709767661086730e+00
3.292179125651949478e-01
5.890184661899250385e-01
2.307548369960327542e-02
1.649513958415945725e+00
8.461856944126608937e-01
1.846836978562017118e+00
1.659738598385585684e+00
3.072578925876365386e+00
1.850764291521767912e+00
3.056607259071092431e-01
1.322794703764783864e-01
3.752429161969274007e-01
3.451763303339846489e-01
8.080980784700341202e-01
1.425413917774532191e+00
8.085579255821693234e-01
2.817507104369392668e+00
2.373389136280928402e-01
1.128538650554105738e+00
2.493116414968695460e-01
3.936654006179598486e-01
3.220754425835753998e-01
2.149433872884861096e-01
2.431166883670345114e-01
2.266434384327091489e-01
4.606896278729235572e-01
1.331994725880463415e+00
1.733685990042966862e-01
2.076240739391360446e+00
1.276007600001214382e-01
1.500878038885703258e+00
1.699942134181013476e+00
2.769678951155343238e-01
8.638253128321201624e-01
4.209881503992373153e-01
7.854414941907031933e-01
2.337978434790009830e-01
8.448689718757801392e-01
1.662124903405286069e+00
5.454151944183540657e-01
1.357792282844230147e+00
1.848634301512010580e+00
9.276318865314713003e-02
1.607531763207555864e+00
8.692393318648791167e-01
5.566257264211921241e-01
8.125515004895417226e-01
1.003249747396889546e+00
3.623319860799447678e-01
5.680695934269787140e-01
2.496091837771501898e-01
1.101401053002364794e+00
1.796369647289887961e-01
6.396103782209540123e-01
1.974898665681279253e+00
2.712047468702349473e+00
1.717709663532586584e+00
1.713185717320653723e+00
1.817479762360256101e+00
9.263478377199564351e-01
4.339421262552676239e-01
6.437663870017247270e-01
6.712936769462533038e-01
1.301439634288645175e+00
1.712423692093720806e+00
1.570926321271149284e+00
1.652011610391959096e+00
1.359929356149463420e+00
1.574236250651508962e-01
1.438879703712756974e+00
2.811681102333881133e-01
2.880696040587297276e-03
1.124472305739939504e+00
1.460553353241202390e-01
5.368400762426144279e-01
1.121932804224250679e+00
5.288528096670392920e-01
5.181619143333001665e-01
9.363527107212643585e-01
2.470944695842436645e-01
9.336336567365564054e-01
1.466539258471747154e+00
5.181302844556812115e-01
7.842826334188897075e-01
1.432942771482224709e+00
1.066915252550707072e+00
1.111953488103198939e+00
7.055835221977084515e-02
3.158472607322685421e-01
5.287446215635736024e-01
2.521526299769048518e-01
1.802917676312741913e-01
2.058898062222424552e-01
2.090212826965445636e+00
1.759749754527089705e+00
3.180834251159477821e-01
3.801368981408134173e-01
2.001010956969190513e+00
8.683380642065025024e-01
6.971060662288833809e-01
5.896974994708534812e-01
1.053484773373769778e+00
1.678948374019529066e-01
1.449852805161260028e+00
9.651938585649850744e-01
1.417664150680065793e-01
2.142947746333534020e+00
1.012543952095779076e+00
7.892822181181590180e-01
1.046144204682670109e+00
1.815725706583766641e+00
7.813915187690660680e-02
1.112625553915896237e+00
2.616058621896309444e-01
2.814276146392910682e+00
1.737006964128835040e+00
1.191443949769628308e+00
3.534912624009467486e-01
1.215225065715386382e-01
1.377470421691210145e+00
9.032278712476932148e-02
1.116576826153912183e+00
5.594569339037591682e-01
6.461835493885212944e-01
6.258036225025569443e-01
1.613958034419999743e+00
4.017940388270428986e-01
6.111716402631375278e-01
1.635802726183335221e-01
3.419636139363342875e-01
6.125182328471945326e-01
9.890957690928940949e-01
1.893416068739382091e-02
6.492675927291198246e-01
9.568804606619142339e-01
1.444747510430204107e+00
5.788159047151653080e-01
1.321421876803718642e-01
7.333763368603117838e-01
2.339586930294837996e-01
1.842658539568193365e+00
8.532052891062247291e-01
6.615738381879767704e-01
8.342226435766250670e-02
8.453079882222929164e-01
3.219780182128789692e-01
1.120436305278731254e-01
1.291110327065171925e-01
9.577805033958429470e-02
7.538905147653457428e-02
1.315310987152358058e+00
3.990596650932301537e-01
3.456988893098136839e-01
1.164547352084859266e+00
4.038527693697967491e-01
5.220056283180301016e-01
3.614756278282667962e-02
6.071539823447081874e-01
7.763521298079236743e-01
1.102538193985587618e-02
6.918358585235411251e-01
1.131982480635303601e+00
3.524521467786246864e-01
8.781338934759173043e-01
8.877491688662686453e-01
1.423026153724659126e-01
6.867580408115092627e-01
2.556270837303812882e-01
2.990408742825633945e-02
1.307023780764926757e+00
2.789646402564592842e-01
3.807547214011758330e-01
9.857400610103337346e-01
1.470603841799162703e+00
2.320688345044625567e-01
1.136485085574963083e+00
6.833711759073156887e-03
5.701337995170259465e-02
7.176196652343737048e-01
1.454746232559660291e+00
7.420146929250369394e-02
3.096662831173241925e-01
1.103777508551540887e+00
2.136691395367509572e-01
1.001640992112790673e+00
4.375426165847864923e-02
9.357522826520691117e-01
3.860015467908617937e-01
8.221042892491902121e-01
7.300631946842446318e-01
8.477665937986267330e-01
8.405266712354397818e-02
6.615131333892136645e-02
8.891440879613665693e-01
3.566801878832805417e-01
8.387050220190196415e-01
6.793848765769459064e-01
1.578142674620476749e+00
5.656132874783919018e-01
5.461964653720192686e-01
2.596608390216749718e-01
3.964320582866163317e-02
7.627463582555792376e-01
7.660424183984969604e-01
1.888628548438794796e+00
2.338130669607483003e-01
1.084129003740224445e-01
7.047863820054267592e-01
2.369747804708641326e+00
1.054810895183602826e+00
2.781737994033786965e+00
1.640895225129627710e-01
4.874375051193967356e-02
3.626892778834316933e-01
5.054538453652891450e-01
5.974798825574881844e-01
1.505344971711640167e-01
1.443081344244961484e+00
1.051725396244145294e+00
2.096753262564165610e+00
1.325860023123117681e+00
5.567055826249643902e-01
1.056099381777415580e+00
1.215848342867822396e+00
1.304554992000533709e+00
9.213414763854755885e-01
2.227135888409360054e-01
9.740705433756791098e-02
3.948746446296946266e-01
1.949618538955348590e-01
1.821059611592765970e+00
1.148784382030803020e+00
8.067016791302433765e-01
2.417823350381150593e+00
1.626230377820852002e+00
1.368421034876006859e+00
1.642430570474028073e+00
2.331733312110771728e+00
1.994159991352423278e-01
9.698259168260709995e-01
9.638479734527488629e-02
6.218011701076389119e-01
3.884159701337968063e-01
1.008544762229776737e+00
1.580982968166071645e+00
6.232363334161484802e-01
1.432215867288787914e+00
3.767765357110191560e-01
5.554369783990283915e-01
1.123104972450279959e+00
1.381248156224468948e+00
5.267101065903122548e-01
1.212523476243601683e+00
1.314636671914086286e+00
1.005692413038693944e+00
8.592866605134558133e-01
9.722885880267279068e-01
1.796807657296547456e+00
3.356722420785283045e-01
3.549225487766882181e-01
7.057903288031941447e-01
1.298625702192324205e+00
1.203849672585701525e+00
7.316523708484525823e-01
3.941272258704445197e-01
2.023263486227815100e-01
9.268834255539820655e-01
6.330477865191906917e-01
3.742304851872656490e-01
5.463438256444018704e-01
5.881781310185543177e-01
1.254392817989090192e+00
1.133984834116580576e+00
4.950255849155620891e-01
1.496506994835610227e-01
5.479239594189199147e-01
1.015511830561705020e+00
5.400350245386569686e-02
1.424700855441233927e+00
1.264682216221316935e+00
7.984608219592111145e-02
1.511127563480324731e+00
2.014752743480853758e-01
3.895745541653657384e-01
4.447154209314257423e-01
8.994848728458762488e-02
1.987427511955420334e+00
4.450556670938908832e-01
5.381050388093615577e-01
5.458898646503859142e-01
2.092717079404162184e-01
6.776167843527092227e-01
8.516700998937928313e-01
2.921715432916984767e+00
4.621153331939286124e-01
5.450626634033033380e-01
7.943787300179401267e-01
1.084623756740719536e+00
3.745997390926674164e-01
9.504315541986239069e-01
3.921272149022632103e-01
1.994707133029745227e+00
6.777656036766253056e-01
6.595460617311742213e-02
2.703654251532182085e-01
1.434916595971746089e-01
1.542226836612669849e-01
2.519452129396234641e-01
1.086339546157177871e-01
1.042349715778225105e+00
3.679601566360024556e-01
1.137025442303533529e+00
3.006448959830347878e-01
4.460524916481695135e-01
9.462248654670549763e-01
8.299163041245342098e-01
4.040904484851431389e-01
1.919428985332617965e-01
1.048500065152961902e+00
6.975921466144943128e-01
2.870205725922543860e-01
9.750070138210799042e-01
3.555124750162662606e-01
1.087902744506917152e+00
3.217011944059574580e-01
1.320199200903761305e+00
1.652553283049008392e+00
1.056035561260195488e+00
1.344689938717057220e+00
3.422741612742689621e-01
6.656820068032298643e-01
3.936007940605276700e-01
1.795980054290664540e+00
2.699857578721205353e+00
1.282752572350528641e+00
2.092220422243014077e-01
1.821481205068244957e+00
5.978457631050336785e-01
9.001396552648559535e-01
1.071907394860335955e-01
2.547551648757271914e-01
1.067803040648417801e+00
3.689866154376845314e-02
8.016902370583156578e-01
1.105871550862985941e+00
4.774514379827319299e-01
6.462556074127060457e-01
5.552118304141577809e-01
9.285149309244653537e-01
1.469089483998496259e+00
1.539748036193955061e+00
7.874041364164571233e-01
1.647463392700317802e-02
3.685145911806729790e-01
1.322110976222291345e+00
1.358789555546920935e+00
1.103458800761631109e-01
5.076734000323951390e-01
1.188145919167135744e+00
7.573698551596177442e-01
1.413567328224877961e+00
1.318222495603619260e+00
1.789867587327712284e-01
2.221811337753687443e-01
8.642502338818114360e-01
1.936553445049563060e-02
1.844835413829222226e+00
1.274090415540902077e+00
1.691586793530125199e+00
3.086665599391547055e-01
3.562557514581030649e-01
6.151400261845824113e-02
2.310941000346132534e-02
4.318906440717985573e-01
2.177750959403380815e+00
3.343095834957694468e-01
3.158457736733510934e-01
9.203969139682768308e-01
1.066091425221048772e-01
1.257961559391435058e+00
3.081760168519273591e-01
9.592977166189865512e-01
2.177305304622378368e-01
1.001271738162148317e+00
7.243349671729741868e-01
5.523499552571118354e-01
1.759177794872643696e+00
1.234455256173556004e+00
1.065682176196937725e+00
5.388957632297368683e-01
1.208122982294812520e+00
5.054966515027008445e-01
1.466403288565055307e+00
7.721032642573839588e-01
5.382018298844857274e-01
7.546177386380615859e-01
3.275797395013749780e-01
6.870877366067067449e-01
1.978039585419470114e+00
1.688160192014717675e-01
1.505123291490588544e+00
2.948208496618516250e-01
1.026785712561364861e+00
1.562451283523022427e+00
1.359952016542936848e+00
5.994995394546863698e-01
6.400865490204586949e-01
7.842154780959254001e-01
4.545967061007918919e-01
1.376241699119740369e+00
1.865302472834451941e-01
6.607439216694676043e-01
1.754949179933082970e-01
3.866115116277759056e-01
1.871056485023575300e-01
9.023793528624414473e-02
8.933850334786992420e-01
2.187776742439795363e+00
1.382689062617637799e+00
1.136354714995162052e+00
2.994049846319882802e-01
1.185484383111218704e-01
2.360667621592266396e+00
4.165969676176698444e-01
5.487730266258940004e-01
6.607270181775246609e-01
4.128754443219309067e-01
1.675554917913357478e-01
5.050762818472356308e-01
1.400996777981510455e+00
6.018349856556597377e-01
1.224841671206016613e+00
5.568011511088013510e-01
4.974067706932834843e-01
3.600164959780666751e-01
3.569070143080766977e-01
3.668131324520776948e-01
8.310936631724097357e-02
6.141258765010119136e-01
2.547479668414432807e-03
2.647739870457427869e-01
3.205451635624919637e-01
7.060709922334896804e-01
1.251846209977031554e+00
6.164482731040122482e-02
2.754048499222238044e-01
1.898324969361758763e+00
1.664546329276199943e+00
2.149317931419682637e+00
6.927763897243834901e-01
6.792272680748134839e-01
1.965728324821906237e-01
1.251223087034537274e-01
8.009854643137468422e-01
1.250045551954552803e+00
3.124020296109418782e-01
7.045738599102370214e-01
1.925823755078568178e+00
1.427820551302782404e+00
1.966077930189076062e+00
3.765554695557998821e-01
2.164204603089839030e-01
4.355767240472706581e-01
3.841564898188777888e-01
9.720693130495302592e-01
1.582974444401005487e-01
1.983605907256982492e+00
2.137427012629420919e-01
9.423057736386536432e-02
2.904108078517981806e-01
1.113127095288202639e+00
3.714837701240407131e-01
1.028033507450587525e+00
7.511127179478944704e-01
8.356544596067459751e-03
1.760590583146760812e-01
1.340122417969340729e+00
2.726508263440869384e-01
1.783337900738044990e+00
1.311504310715301491e+00
1.832166989168586557e+00
8.767494683070549411e-02
9.510201181220717670e-01
1.076580220025521006e+00
1.347108593990121284e+00
1.128731156365358590e+00
6.820736536652836079e-01
6.768580357242806045e-01
8.698595108288673661e-01
1.809896232441731145e-01
9.302447564765545795e-01
5.290680839006923764e-01
5.908224377565529650e-01
1.913348892498053733e+00
6.008915269419075056e-01
1.353001657576648586e+00
3.856981513457545252e-01
2.252231411132119554e-01
1.808650432485762849e+00
7.978339381920790396e-01
5.272541325805463197e-02
8.994629930057888856e-02
2.101064153529394130e+00
5.449589222304854763e-01
9.281925268239414883e-01
1.592689539234278362e+00
4.606295386134646730e-01
3.494712222324565798e-01
7.543292405817508817e-01
1.916561653910821006e-01
5.680466903150720448e-01
5.964232247536979115e-01
1.117281773118819377e+00
2.724871352319590753e-02
1.054971908608522968e+00
8.345857202398035968e-01
7.436169820343823122e-01
5.319565391887721706e-01
4.107380981660651020e-01
1.503468666940182275e-01
1.624219397707297841e+00
1.118237247432679382e+00
2.416420097708589676e+00
7.741162801804765126e-01
1.560302160151326722e-01
5.208100274217132286e-01
5.705083808042946680e-01
1.556599487189009312e-01
1.427128650007303268e-01
5.421071469483378369e-01
1.009161066400128925e+00
5.800052159417452557e-01
6.152503724154241294e-01
3.850648403631274919e-01
9.166237230266381930e-01
1.486164031621674542e-01
1.160834816299737060e+00
8.547132001101168663e-01
5.991716837008791430e-01
9.312089908960748952e-01
1.140766239492334799e+00
4.672280724578666833e-01
1.160013931415493804e+00
7.238886284827272810e-01
1.551887088104270340e+00
2.138694085174773551e+00
2.785204994256448114e-04
1.123306873823809005e+00
1.900200684000296292e+00
1.532027842288865849e-01
8.556812033281099295e-01
1.588422383984245401e-01
4.207598385331701718e-01
6.734908891721982371e-01
7.992633146771065400e-01
1.864814317700176804e+00
2.452128010453084261e+00
1.278166925415893163e+00
2.282849581280539830e+00
7.550935478386473498e-01
1.539130432693476047e+00
2.155842147030778699e-01
1.355172870921285355e+00
1.505552146444517403e+00
1.518081765767177016e+00
3.216560632648565732e-01
1.611960518268809039e-01
7.786042275575102423e-01
6.550581099531176399e-01
1.447586204242061469e-01
5.658868168316779634e-01
2.144722313234285471e-01
1.238858880512934579e+00
8.208813106965752171e-01
1.067771959289971484e+00
4.666465226179453696e-01
4.517464605590394977e-01
6.807997548641112617e-01
1.529737527355812698e+00
1.214434734065886978e+00
2.326886819993916056e-01
5.282424525598697906e-01
1.018282467785393219e+00
1.376446686497074579e+00
1.636966205761337390e-01
1.650162883152132443e+00
5.012988878019020156e-01
1.328106540282090853e+00
6.798678888034163093e-01
2.876441558106687113e-01
1.879067049852021221e+00
1.396323992535632996e+00
7.929933266763617983e-01
1.645823467203769264e+00
1.662213463715168427e+00
1.072020162085053352e+00
1.742741230317064460e-01
1.654085100647978424e+00
1.203513387996712813e+00
4.003082539121615713e-01
4.263601790394375701e-01
5.788122289794056519e-01
5.866522642559673928e-01
1.449165635287699372e+00
1.454709736379150575e-01
3.621298964740321535e-01
9.901511703842852397e-01
1.004352662851739630e+00
1.963448645909166235e+00
5.857173710718518445e-01
6.687409096084737103e-02
4.501955857540219097e-01
3.897820218189034236e-01
1.012556543742112236e+00
6.142430109283539275e-02
1.553002139473346643e+00
1.305487357825858119e+00
1.124318589675564972e+00
1.367004345204319238e+00
1.490713039157686715e-01
3.344787065405602222e-01
3.527071947692170251e-01
1.722586641856445611e-01
2.434836741886754197e-01
4.485424854623031310e-01
1.409067350801092466e+00
8.693013095108966803e-01
2.746622926739581416e-01
8.261292530313145699e-01
1.569596185365073060e+00
1.177946807887733982e+00
7.712200911119019286e-01
1.418468092534159730e+00
6.128578224182436029e-01
3.181794626205995402e-01
1.501267373283715179e+00
3.905934810710313121e-01
5.604598857369839093e-01
6.727377298508689929e-01
1.893636762458506262e-01
6.430719642256760293e-02
1.067150641402036859e+00
2.141924348733057482e+00
7.070987061536037066e-01
1.961601497234481073e+00
1.948726144801426363e+00
4.277213980964476858e-02
2.474854946782881093e+00
1.474391563392042137e+00
6.999081204475054996e-01
2.300198916572157581e-01
1.516770539081255809e+00
7.851112596411052857e-01
8.101548051666063177e-01
1.673017840442772686e+00
9.161012476608871857e-01
2.053148549984696036e-01
2.059419672022909653e-01
1.245613498183143264e+00
6.941390448708197880e-01
1.341881489387971138e+00
1.823813209046353245e+00
1.569320937864114585e-01
1.209715684153155557e+00
1.522822999905386609e+00
1.133154599669627061e+00
2.178200877317245432e+00
2.204161094878411831e+00
3.215302282124052891e-01
5.750913630721020686e-01
5.980095611916798060e-01
1.478762515507737296e+00
4.377532104014945080e-01
6.372248230988821760e-01
1.477794710146524082e+00
4.117152932602957671e-01
3.894818979721547357e-03
9.200210719104805479e-01
3.496331135378515920e-01
3.379567146749253292e-01
5.659813929825249224e-01
1.075872459606621590e+00
4.102502299778306716e-01
6.726207198871270165e-01
1.034831559150420244e+00
6.385234189010748074e-03
1.570375656755877536e+00
3.904148680611495559e-01
3.884326586945935356e-01
1.756058662487550492e+00
1.885997225126981647e+00
2.254459451353684959e-02
1.285955412250971985e+00
1.536534223386436748e+00
1.487341035416211432e-01
2.349243848878526109e-01
9.748447318460445876e-01
1.540352844726300408e+00
5.704895404624926725e-01
7.064444787135446546e-01
1.260714098511341641e+00
6.068998910946329373e-01
7.572798747571509725e-01
2.399051836493313050e-01
7.601886137820214051e-01
1.883993888105854220e+00
1.165351317588290803e+00
1.795073478685166757e+00
3.516440660321937250e-01
3.316636839699553807e-01
3.976056348117159023e-01
1.313802046168425885e+00
1.435407491230342281e+00
1.363044980415076823e-01
2.188238925989920147e-02
3.854903497749446184e-01
5.866548356968315919e-02
2.066133375796478655e-01
2.760825158729371509e+00
7.669930924697743180e-01
4.378042482838721550e-01
7.506685469770123520e-01
2.661673495294059055e-01
8.992825196919773667e-01
5.509055411526408985e-01
1.021557678047457118e+00
1.643581332628782365e-01
6.964269257903875354e-02
4.827005901375224228e-01
2.600138917136672334e-01
3.382047933053851985e+00
2.629438743065656836e-01
1.123659842704317624e+00
1.169118849051689724e+00
2.268960428898485482e+00
8.859213285845288777e-01
3.366398476408506979e-01
8.464988973365578095e-01
1.718732919164066564e-01
5.689603181019391442e-01
1.696958580850709053e+00
1.347018804075494458e+00
1.496041249634300352e-01
5.066862119497648198e-01
5.785056110463525636e-01
4.710320130445689868e-01
1.073143343043788112e-01
2.373646792598457789e-02
4.086097611374269745e-01
4.646331421523514082e-01
3.427846824940651294e-01
8.287729861716790491e-01
1.190129362318952611e+00
5.299169481678385196e-01
1.807130519940342017e-01
2.746592105433404846e-02
1.318076285857533170e-01
6.966300991255703901e-01
1.065641817694401583e+00
2.237620195837149328e+00
1.044231783524842472e+00
1.206663613858151907e+00
2.306337991292954026e+00
2.478729736303230347e+00
1.372878008704802276e-02
3.586944078326875784e-01
7.302500061040957391e-01
3.160242427550284949e-01
2.044542477872919317e+00
2.797278362922974160e-01
2.499801263408032714e-01
2.038639638589800462e+00
5.632241532624624458e-01
1.047236515966196047e+00
1.154031088951262607e+00
2.032863931979257688e-01
9.831321093735424510e-01
4.616054457925773957e-01
5.855113150607031969e-01
3.369218875639455324e-01
3.299330727396462826e-01
2.582087339772070611e-01
1.055218622855687682e+00
1.965560352612671369e-01
1.287300374460685459e+00
1.695271513428162846e+00
2.241518935172490234e+00
1.392494113721016724e-01
1.404437391687775261e+00
1.179698623698366200e+00
3.792063708341199962e-02
3.802361897341983987e-02
5.564124111409838314e-01
3.160379367896540170e+00
3.008345234650598998e-01
7.005874583215870866e-01
8.820933368217367399e-01
1.324242659126331489e-01
6.427573119718902328e-01
6.637450031106230108e-01
6.711596450137273795e-01
1.533753551779966084e-01
7.645313136816564992e-01
2.833187038208913600e-01
1.704760863960378625e+00
2.149281439734689325e+00
1.136512563264447051e+00
1.910908786525006953e+00
4.245093367998540868e-01
3.264234860373753377e-02
4.131466252274227369e-01
2.336894435968162043e+00
8.985762700183784757e-01
5.129179395845439027e-01
4.252974663140298150e-01
7.681519775460331489e-01
2.410480737747957569e-01
3.015475989400048240e-01
7.779276116853517387e-01
1.757310034388879783e-01
4.763061380076679674e-01
6.755074434460686117e-01
5.278308030950277230e-01
1.382236600733738108e+00
1.720810185095087222e-02
7.001442727376602226e-01
2.333332975192978220e-01
1.312470456133304486e+00
1.762661415959349664e+00
1.231171930188542873e+00
4.781287994514158424e-01
2.259846971174340524e+00
2.050418105164616200e+00
5.072454592527098072e-01
2.984330097079877092e-02
6.890576980245828598e-02
2.472069179301688291e-01
1.008828258415734647e+00
1.903346195330060775e+00
9.134493626902110419e-01
1.796759235538139432e+00
3.856182917666513554e-01
1.918008044719028693e-01
4.198815501103202452e-01
1.020861443327598428e+00
8.947214318713576572e-03
7.810131309392276400e-01
5.861954839692509744e-02
6.729272672951697176e-02
9.719247391555961846e-01
7.134894608863415755e-01
8.628651039833649117e-01
1.053533314576427404e+00
2.733787214872049898e+00
2.232007543978334674e+00
2.447320372528243748e+00
9.348186394051218873e-01
6.659607752264303793e-01
1.027833818680722100e+00
1.829338735987872555e+00
8.446981555221974580e-02
1.863370600744181094e-01
7.288544873918524347e-01
5.545243086397293464e-01
8.559869483128264012e-01
1.211693866220306726e+00
7.617164423793865158e-01
1.124195377258740525e+00
2.545500226954162670e-01
5.093537197818311935e-01
1.003233770313739059e+00
1.104711101856145961e+00
9.823707967774427674e-01
5.336916549231228712e-01
2.954727859634801446e-01
3.993643555593391903e-01
1.014016832534588186e+00
5.395216154474699044e-01
1.839181617243696165e-01
9.065732651145190779e-01
7.190636301878541303e-01
1.543464409411249516e+00
1.262225195820933232e-01
1.180008716868084395e+00
3.299980153634800017e-01
1.174783338936343513e-01
9.493547575424828855e-01
9.636847280024420925e-01
6.264436040983327736e-01
4.554879323825246351e-02
5.854143775496537527e-01
2.017616351609976988e+00
7.015467207422823037e-01
2.341526346505524436e-01
4.481569699006179852e-01
1.812162603381979542e+00
2.143823327686545710e+00
1.608089307126889939e-02
1.490381760160949698e+00
1.675175352135121587e+00
2.300005996479101977e-01
3.618089298384923880e-01
1.772625606592067027e-01
2.027335420843690006e+00
1.134791021258408472e+00
1.542505444790346347e+00
7.859451761855857921e-01
9.767371610517127101e-01
1.047907925114193034e-01
1.105668317732590583e-01
4.383547098919090002e-01
2.441954859796798272e-01
1.881426637435872795e+00
2.311286822634245897e-01
1.502787180109638410e+00
3.049000512257552531e-01
7.961599787200087652e-01
4.312442728352127719e-01
1.884914843587025268e-01
1.744454899912116552e+00
1.046972399740303983e+00
2.102218835173782774e-01
3.908604893420273840e-01
1.187099966733509593e+00
6.991768070113676403e-01
4.990473450766703678e-01
1.507350399545042796e+00
6.244403814839369904e-01
1.830683347695344354e-01
2.984753746982786796e-02
2.163751622200047020e+00
4.192490531222862193e-01
6.135784514080007135e-01
1.520775465189863951e+00
4.294577259492622368e-01
1.455378057012238768e+00
3.918460767869791361e-01
8.951044945394647234e-01
6.547652406015013193e-01
6.579456403450479884e-01
9.095647678285811999e-01
1.049733079258313162e-01
8.817309908634118898e-01
1.665280028729946571e-01
7.170956846208675906e-01
2.790625633437172071e-01
1.155419010349566955e+00
5.230536649066751531e-01
4.305343149947951642e-01
1.026519804509567146e+00
4.450963832312315738e-01
8.788361469137072612e-01
2.096641075849663416e-01
6.497009612027876413e-01
4.993592837660775219e-01
7.796027681985630009e-01
1.780234347852711896e-02
1.192305646700294375e+00
1.193009830874773636e+00
7.978028055911139393e-01
1.347132928600563551e+00
7.876843678460327958e-01
5.863011642437765403e-01
7.096571604884984730e-01
2.487701509677487099e-01
5.818300555364434024e-01
1.619725033485839072e+00
2.329858766037306683e+00
9.044343384938777208e-02
8.590232995305091546e-01
1.333236680051568257e+00
1.361452230705104460e+00
1.318249923935744583e+00
1.493354975649838545e+00
1.527204768964890436e+00
6.784540620529800892e-01
1.584989097555413728e+00
1.036254287573877164e+00
2.037471419074755596e-01
1.524762430361688681e+00
4.107337928587835862e-01
4.542637979735525966e-01
1.483336014026748861e+00
8.648799813895494681e-01
1.196652358849182418e+00
7.567478987300618742e-01
1.129638194951401609e+00
4.249984385786644836e-01
6.337523475145692142e-01
2.970804714193280294e+00
6.228545905186128051e-01
6.240782846377004311e-01
3.336573691275942499e-01
2.557705640073857367e+00
2.112471188064641292e-01
2.320537613334440863e+00
9.808894116313964240e-01
2.422469670129178410e-01
7.992073096956243683e-01
1.447168440610872908e+00
9.636837148720184265e-01
8.766880433459391941e-01
6.230547845214790860e-03
1.568800533763109462e+00
5.124768742087907336e-01
7.326344112248679430e-01
3.891795940654185770e-01
1.506757952306979620e+00
5.672193352451883330e-02
6.098040532404984670e-01
9.047699440093638357e-01
1.980500399415119128e+00
2.325921104536660955e-01
2.388337934593258993e-01
7.362786004932098116e-02
1.949705311456662704e+00
3.965088945820054445e-01
2.521516441137254372e+00
9.615090969243080821e-01
1.693370223019813048e-01
4.363796345216552908e-02
1.663868686466110747e+00
3.905415484939452758e-02
9.486502475339465557e-01
6.717728846493747907e-01
1.195821903973493250e-01
1.150728605307171248e+00
4.953868025405264164e-01
9.861028626539374287e-01
5.235846004414622668e-01
1.745680646994075103e+00
1.547566072209967392e-01
2.336127381688903049e-01
8.211073024958482902e-01
1.135258482801198232e+00
9.632432564118492690e-01
1.629103381581886723e-01
1.855439103513734644e-01
1.389026265400433502e+00
1.232003941202856057e+00
2.713030015105644677e-01
1.364561587023867428e+00
5.259511157845159213e-01
1.921153633842109798e-01
1.343776118298823652e-01
1.298230445032957592e+00
1.206382037939508212e-01
4.452325808749815761e-01
1.443864620704768731e+00
7.658690213598978724e-01
1.042399162302791504e+00
3.189069535665272070e-01
4.028448342597268361e-01
8.203761455897643495e-01
6.778766962769932070e-01
6.682622341992637827e-01
1.259465451359348398e+00
7.935686539747431878e-01
1.470817407864870308e-01
4.315573009617472700e-01
1.001653059228301279e+00
6.088874815830273013e-01
1.969585520375870258e-02
6.343464507139144892e-01
2.269600304912563482e-01
1.384429124710725212e+00
1.076519267823219383e+00
1.584864210378697624e+00
9.348290218717035804e-01
9.604254511401746353e-01
1.587051177665908419e+00
6.572436231139284768e-01
5.588616018211355341e-01
1.092338083351219291e+00
4.376710079393456021e-01
1.130698847218707837e+00
4.092729866508003633e-01
1.058650174812032052e+00
1.841906998894806968e-01
6.620032051106661264e-01
1.193521926564244939e-01
1.820524918413026105e+00
2.361082485582824131e-01
9.901149095588038240e-02
1.331350297762168955e+00
9.396884944157766206e-01
9.315430187956617036e-01
1.209971489703248970e+00
7.529794884434622138e-02
5.554884979891657748e-01
1.252801797450687538e+00
1.419875682369361680e+00
7.467323747848799709e-01
1.913554905796711614e+00
4.558720789167083898e-01
1.351523195631608165e-01
6.167958595549019041e-01
2.089749732610922450e+00
9.425177994776208212e-01
4.164141888571173400e-01
1.707488259643908490e+00
1.113387856503719631e+00
1.486321258000500578e-01
3.914133183670337468e-01
1.494213372073894153e+00
2.525110324279820073e-01
1.246298906116801303e-01
7.985379065581708069e-01
7.432292655273948778e-01
8.344402226947276180e-01
1.508356553644406572e+00
9.650203266818514480e-01
8.234018514001524292e-01
1.531671893039753263e+00
1.615653377559077342e+00
3.881929794381875354e-01
3.108507717160423622e-01
2.345709987035849431e-01
1.613329597160022111e+00
2.992867104387698096e-01
2.451429525177825308e+00
1.507988702544302007e-01
1.022555523580420400e-01
3.867831084566315525e-01
2.429224677624416684e-01
3.005814944757494445e-01
2.853605709965862935e-01
1.974169218189128383e+00
3.082739772409644474e-01
8.384033430434824075e-01
1.478616528059076618e+00
2.550439545756608140e-01
5.278724848683497006e-01
5.193844193423501343e-01
1.525175097534932522e+00
2.511956574312237400e-01
4.235344575239299164e-02
1.081816246858854358e+00
2.588559222010376470e-01
1.342444331343118635e-01
2.750396560987722339e-01
8.767218312683010550e-01
4.392294895507901087e-01
2.311417867156772832e-01
1.319446252924000529e+00
6.242720638849287920e-03
1.939024504286022271e-02
1.721261484943187869e-01
2.099255592463411091e+00
2.583103436303000322e-01
1.058979284866365667e-01
1.144083994307914631e+00
4.253183799438610690e-01
2.870940645165956928e-01
5.031725945154938984e-01
1.496313391341989874e-01
1.970799190301474102e+00
1.163261938829747599e+00
2.780328185823937592e-01
9.935150399718944980e-01
1.461783435054785363e+00
9.810419487721766529e-01
5.704698627145702305e-01
1.254360013791094186e+00
3.320493991716125803e-01
8.917121604755653408e-01
2.257149773150641359e+00
2.170689916184723067e+00
1.431730329330305862e+00
4.532128775049106828e-01
1.626639676828621539e+00
3.871423775426901526e-01
8.763608386026033870e-02
1.898535324620136855e+00
8.275835796424461932e-02
2.416632315956656285e+00
1.555979208420428694e+00
1.183131820113062505e+00
1.263249091719594208e+00
2.361673997348779364e-01
1.553832430139233889e+00
1.088248439201439099e+00
1.081741740144636532e+00
7.906247676059372509e-01
1.155755988306495619e+00
3.154430179510918086e-01
1.418576988781001039e-02
3.213948536517743926e-01
5.036299520644378358e-01
6.301113595788719879e-01
