1.945560731400345078e-01
4.000169006063309385e-01
3.261859590897643081e-03
3.908221354353091925e-01
1.427845907061609854e+00
7.916756631179164838e-01
4.866054029572743356e-01
3.158487646347377109e-02
5.382698755065804530e-01
4.580118479752982030e-01
3.125602923762309526e-01
8.716344221822915073e-02
2.315480405381251938e-01
4.785122148545389864e-01
6.121969758885243973e-01
8.196217899659911099e-01
1.244639681423824085e+00
9.797292205992083614e-02
1.159820015977803376e+00
1.591642225491201712e+00
5.281289526582605420e-02
5.248814458563834107e-01
6.362249445755392419e-01
8.383690301118510435e-01
3.430286855084734854e-01
2.187121934020247238e+00
1.953737456112369653e-01
7.756301101672512521e-01
1.022714837377986630e+00
1.376633286346202967e+00
7.277156232265834523e-01
1.012513235618005270e-01
2.340299463554424420e-01
8.338026687903157264e-01
1.167145106998636050e+00
2.821527070483553779e-01
5.789430788314690046e-01
1.453591378699587988e+00
7.898600214710513323e-02
4.378022557856865449e-01
5.702049346582606093e-01
1.868500073289899088e+00
1.969566789326320788e-01
1.121286612970854024e-01
8.744007797041797314e-01
6.839586705715569592e-02
6.306394459417469234e-01
8.130025833885593523e-01
3.707364739401759479e-01
7.502529483214976924e-01
2.040465074778529397e-01
4.899827548859178594e-01
1.636199191369820394e+00
1.480801955579903018e+00
6.919892614963246702e-01
1.765430241234955677e-01
7.210037026479870770e-01
7.210613355457526907e-01
2.808521194651839581e-01
2.630204216192467914e+00
5.984683742847488608e-01
1.177018959143062204e+00
8.595191988286458029e-01
1.870539897295117049e+00
1.947717527499750689e+00
1.349265505002901211e+00
1.343466859682683756e+00
1.337055378585293164e-01
1.267574231504556392e+00
1.084465515753172848e+00
7.011877044073234755e-01
2.396702794538207726e-01
1.157861009068343439e+00
7.208518489883183333e-01
1.522683298579514455e+00
1.542549010524894293e-01
1.002938094802197755e+00
1.063047114062325438e+00
3.276257758105405316e-01
1.031365192156459054e+00
1.457409839035434862e+00
4.479306714147613944e-01
5.434880270454023332e-01
1.802565514901151689e+00
5.192550318156420319e-01
3.538319720496967413e-01
6.420423816429664532e-01
1.605973664491711084e+00
2.845941304348735268e-01
1.068766148289929996e+00
7.258973574477455282e-01
1.084686194808131665e+00
1.070282203156089684e+00
4.903296084731989524e-01
3.133853863525508099e-01
7.512933310774896345e-01
4.312303893941260013e-01
1.812934165021631960e+00
3.957615534100741295e-01
1.488684618674066096e+00
6.128040876290087313e-01
1.399324006089696093e+00
9.912386157172837706e-03
6.470510980325687722e-01
6.573082261713869556e-01
6.611628967360171361e-01
3.530959706989638680e-01
1.833130185119318023e+00
5.156442218747281370e-01
4.512254377836093511e-01
3.542270151742021866e-01
8.841192742954544492e-01
5.215218855928183128e-01
1.089802499248711198e+00
1.051458814468748448e+00
1.813951924659930937e+00
1.814367121286461493e-01
4.324326021295477052e-01
1.766243881641021529e+00
1.122392517800877121e+00
4.794220202604752012e-01
9.045705697109781562e-01
7.071236682216699432e-01
2.566328317252203894e-01
8.223113265509354175e-01
4.720390221077325893e-02
1.559500621805880227e+00
2.524083758864477667e-01
5.517665237965871938e-01
1.778533544283763534e+00
2.825156993324104415e-01
1.687300537567987702e+00
1.283621343539768089e+00
5.227246020855031983e-01
2.052639812379948234e-02
1.278771356509501578e+00
4.418473544262482289e-01
3.611567707169273111e-01
9.847519369933901423e-01
7.006633927376301196e-01
1.980658985939231786e-01
6.979209733682708583e-01
1.310463858576457863e+00
5.610103113795462670e-01
9.549680524378838520e-01
1.637168452722731204e-01
1.520191407392263327e+00
1.106868825082133023e+00
7.022294043271583297e-02
1.135316803249490462e-02
1.774216295558161738e+00
9.474603572713004018e-01
1.812677281512817151e+00
6.485088574372154246e-01
8.884244664025835458e-01
1.175790441134141107e+00
1.170093819470850782e+00
8.163452257195479289e-01
8.189827195803706106e-01
2.578306527812333077e-02
3.464607408558990076e-01
1.668314137400379177e-02
1.118502786819506323e+00
1.144840476848859624e-02
6.426443151747897042e-01
5.431515211684309619e-02
9.415625690627118516e-01
2.100056260098908112e+00
6.791523069270681834e-01
8.134950503745204398e-02
9.696795343672389711e-01
1.246895732976124105e+00
1.819811369058128792e+00
2.408562489441873899e-01
1.368698909496189886e+00
2.769850273628599036e-01
1.429112268087406656e+00
2.901129570410352909e-01
1.008518381300556044e+00
1.629799363936438761e+00
7.921049429166930889e-01
2.044573958940379965e-01
9.037828680192446784e-01
6.829665373447735277e-01
2.219704943228938132e-01
2.979365844889810599e+00
1.737156961349738959e-01
1.061642429887201367e+00
1.415127440403149972e-01
8.716462703885866636e-01
4.358300645990463296e-01
1.327426609575677263e+00
1.008050506266923607e+00
3.623872266892476102e-01
1.085673129059958164e+00
4.690526489465148829e-01
1.234740050658051480e+00
5.243174081332684366e-01
1.881973351396745375e+00
1.012594320830636357e-01
1.814256367852600527e-01
3.562333256271212889e-01
4.017153521555023588e-01
1.301038223623038004e+00
1.591209401577583504e+00
2.523498667398195727e-01
1.843241329007844431e+00
5.495611208483986987e-01
1.470387311440737532e+00
4.950601673199785391e-01
6.090208384921816931e-01
1.066382252844675138e+00
5.742123675337111877e-01
7.595243027402249769e-01
4.054336370007843859e-01
4.649955552141541576e-02
1.395141509026504023e-01
8.677086516812148043e-01
2.147944243684103860e+00
4.784321961158001790e-01
4.191264599670151414e-01
1.498301952709227169e+00
4.451889118152998481e-01
1.672178255814826375e+00
2.776751511413983575e+00
1.088250853135080687e-01
4.711202990063856899e-01
9.846931368111678795e-01
1.392221628704255476e+00
8.296796190683402017e-01
1.296390015039273313e+00
8.883585995164231530e-01
4.714117628991765785e-01
2.081526433139767318e-02
2.621767900911283200e-01
5.302436832431958180e-01
8.660479171943409327e-01
6.073245374026352561e-01
4.719551954442812169e-01
1.273024682790826478e-01
1.381509132347384483e+00
1.031844463617857421e+00
8.323050541192209550e-01
1.139885905993957449e+00
1.024679058578830126e+00
6.774250490424230664e-01
1.535848965002733379e+00
2.120960709290561130e+00
5.673948393763146303e-01
7.548320744743653755e-03
2.290020321014306082e-01
1.050940129575848259e+00
6.816392711522845094e-01
7.811045997245424921e-01
1.123143043619103887e+00
5.089857308808530822e-01
5.456015295910912055e-01
7.428885431782925597e-01
5.080121743312528970e-01
2.861231534261414189e-01
1.401610079806064224e+00
2.777430541380370599e+00
1.093438224731906772e+00
1.399466648503751243e+00
5.889270009009346385e-01
3.045835698357628463e-01
4.594825031416693295e-01
5.464760457476218747e-01
1.302646704173984427e+00
1.023035371573417729e+00
1.366857519182047120e+00
8.114443301720349888e-01
1.627195543450470572e+00
1.487508764887097046e+00
8.709428585809191325e-01
1.467413379935502027e+00
7.376354318644884334e-01
5.489670590742584677e-01
5.046603054479555928e-01
5.000874222595621532e-01
1.340479566093803809e+00
3.573236212682661533e-02
4.109418425849265533e-01
1.316053172915482072e+00
2.645595762182881838e-01
8.557356333663361792e-01
1.736089831855570864e+00
4.839447344545553253e-01
1.086715750507149858e+00
8.071396963314114714e-01
1.340581762223340467e+00
2.609588874122347191e-01
1.349695000755758156e-01
9.152493867319141385e-01
8.649244274403650179e-01
7.636914226552730112e-01
1.763406281063409686e+00
1.608784179325207564e+00
4.656455056865476672e-01
6.851130842289508971e-01
1.285246004538536546e+00
5.054556463551485024e-01
7.561221368547774713e-01
6.979789617672582658e-01
4.178997572539148164e-01
1.838960844892085555e+00
2.981376330682545261e-01
1.335746285919875653e+00
3.383965373620110850e-01
1.060054170733784051e+00
9.904746285952551466e-01
1.072428328036032635e-01
8.734875816937720527e-01
2.629628736413969214e-01
3.974652209839162342e-01
3.377322094791777585e-01
1.547732274805600772e-01
2.727508792053367492e-01
2.265643528940833207e+00
1.969222490244576296e+00
1.040860880630154472e-01
4.404596797045452483e-01
9.509870488351959139e-01
1.191187437689367051e-01
1.585476702396686921e+00
1.742888933898084858e+00
1.978037998902556716e+00
1.008386035444573503e+00
5.112455888401107318e-01
2.319472516898913317e-01
1.196846523628381787e-01
7.572228272605429078e-01
6.308292056300471851e-01
1.132294687316265813e+00
1.505042945200469051e-01
1.119337427361819515e+00
1.616089008256141435e+00
2.094826885037703423e+00
1.945963812539511784e+00
1.886791483222487908e+00
3.994804587971224619e-01
8.891257631131889161e-01
3.594519427363555009e-01
1.081236407405067046e-01
3.214292064818428662e-01
2.188990072269532960e-01
5.212677519293802408e-01
8.620375543356496584e-01
8.478848061205456199e-01
2.123062266500874262e+00
7.564513761010183135e-01
1.596787480931443293e+00
6.423129327812764355e-01
1.160643879904150078e+00
1.692989663539829770e-01
1.930932205821044523e+00
1.246735403314590318e+00
6.182398406480891229e-01
1.839997903034926496e+00
2.143061568999772515e+00
1.279467427993464357e+00
1.100684050338270437e+00
1.798069095402865525e+00
6.911278878832122219e-01
1.652135373312050737e+00
2.797293400967037158e+00
3.668240192208669925e-01
2.205554296201121645e+00
5.894305564058516245e-01
6.774974364689783091e-01
1.912337587709200371e+00
4.554010076535477264e-02
4.998832281843136882e-01
5.564304344786017431e-01
1.139048074776930708e+00
5.948640684538596402e-01
8.362518106400780304e-01
1.288298227487994774e-01
1.402446574141002378e+00
1.069435769759689903e+00
2.279865361476409447e-01
7.967807349066655664e-01
4.472921778726550723e-01
8.450119973826061281e-01
6.989862960163627514e-01
1.396630660842281380e+00
1.462857448573503250e-01
1.974123129401325338e-01
5.632052170058579055e-01
5.183823931401826401e-01
1.153263549994574255e+00
5.615290069202868439e-01
1.032116405344918109e+00
6.934694942002908036e-01
2.026547390973259533e-01
3.118751537927212936e-01
1.481657252669053237e+00
8.821038903022571098e-01
2.450532663634069630e-01
1.431959784331417129e+00
1.421929211711676910e-01
1.070938194764999851e+00
1.673135643806547224e+00
8.713172411240072135e-01
1.493573902076526405e+00
3.420087334848291305e-01
1.313124124053537400e+00
1.781030666684233210e-01
1.342620736603410636e+00
1.790079507167854800e+00
6.933714307211299444e-01
1.886427133003838463e-01
5.672460482102267276e-01
8.492555122332071660e-01
7.512726931738979985e-01
4.343737444639948486e-01
3.050316679183711632e-01
1.182598370579274194e+00
5.965779222665638093e-01
8.370731785375475908e-01
4.298928330599002257e-01
2.574922874310622833e-01
2.341445793527103802e-01
3.187941512113580678e-01
1.243659461285318013e+00
3.719948241798562427e-01
5.063504108369284440e-01
1.133472516499323818e-02
1.007098718477762861e-01
8.318072405389647095e-01
9.094754300680456538e-01
1.149558225310061355e+00
7.190112753552707625e-01
1.015948559077426872e+00
4.977575540142857857e-01
6.315363949892699447e-01
2.330331033513855510e-01
6.175690485988954981e-01
1.051246735502059160e+00
8.190421872721839192e-01
4.193909803508322209e-01
5.637482822143736749e-01
6.721378721592660699e-02
8.897564021911980037e-01
2.478717435536251235e-01
9.333296116578966573e-02
3.752223833981970791e-01
1.998696994946209948e-01
8.951748874902287767e-01
3.265360962205871020e-01
8.574246923408100907e-01
9.074009945801670973e-01
7.251962088832274167e-02
2.168088010002179877e-01
4.425763835035262939e-01
1.935602261206235408e-01
2.026509807512493655e+00
1.104109995364790375e+00
5.394144590381950710e-01
1.439236860155395314e+00
6.688707498041241983e-01
8.288810384644112322e-03
1.330168452458582395e+00
1.223545415136418901e+00
4.793437998107722975e-01
2.420151309261935335e-01
8.212048836034935295e-01
1.812094122517405800e-02
1.121944927652554824e+00
9.680130035640301944e-01
3.882457793291022585e-01
1.366100256462437379e+00
5.192622745530333095e-01
1.467521909223576948e+00
9.553418056262629188e-01
9.064585611678803723e-01
8.036172979508882097e-01
9.614672600498685995e-01
7.177621877317454935e-01
1.729017159527300729e+00
3.456849546187964473e-01
5.122769337149898211e-02
2.548042723055851111e-01
9.015219059159782500e-01
3.551058982665167285e-01
1.323189878144909626e+00
1.362865752162663258e+00
7.840576431868429008e-01
9.068253314750864824e-01
8.467614350762533992e-02
9.691738661521175358e-01
7.739578405391950300e-01
4.795134188657233093e-02
1.172447659111673923e+00
9.885523677428803557e-01
4.645794814276251739e-01
1.794113216630628949e-01
1.166086641587621209e+00
1.188938957824086096e+00
2.721541192382049279e-01
1.804018246214441179e+00
6.949252114868532670e-01
7.935904997945324169e-02
1.438501884369403516e+00
2.062109328629711857e+00
3.980691031187466034e-01
1.873533691554353897e+00
1.197773792560100858e+00
7.824073189608536927e-01
7.589407758139511406e-01
9.458352545079550255e-01
1.103615497043560323e+00
8.355562963784072261e-01
7.716920709796732947e-01
6.930225811469661323e-01
3.807896191395451213e-01
1.031187709986218337e+00
8.719275072254818459e-01
7.492745820637148890e-01
5.496635560934168829e-01
7.827684350535015767e-01
7.280650602195714027e-01
2.237900890141824917e+00
1.112232833754482897e+00
4.118258165897644707e-01
1.434970512645979655e-02
7.896965083536107155e-01
2.502286416764422719e-02
9.239770612617710377e-01
4.386415403588193596e-01
5.441928770805732896e-01
1.101443898001575494e+00
9.684461124775310958e-01
5.483378715063899622e-02
1.351091809053858173e-01
1.905669946536488746e-01
1.396938125986046053e+00
5.080418836500509849e-01
4.721797955040152317e-01
2.151604519991014097e+00
7.872437339789712940e-01
1.513119143725349725e+00
3.496866373216755974e-01
3.034112065483960882e-02
9.127075733533949187e-01
2.824306690776839379e-01
1.176725287069460668e+00
1.788405076443955632e+00
6.277824115011345629e-01
1.413730643465370918e+00
2.305354102774127778e+00
2.715227211064891399e+00
9.523708641848523948e-01
5.404480422732241829e-01
6.704702556372590383e-01
2.358645641904110746e-01
6.943692766244643488e-01
7.141214375895712507e-01
1.230220503430327739e+00
7.610838029674241723e-01
2.400094658349963606e+00
4.284961875274099219e-01
2.259461457875227008e+00
7.039028873135786402e-01
9.064869302505594861e-01
4.190502501087104426e-01
9.580385355140775827e-01
1.178262440546665513e+00
2.339651385412453433e+00
1.482439351338807665e+00
2.707848759607573985e-01
1.106182767987639037e+00
1.050804169132850685e+00
7.453420271307436007e-01
4.834466520073844586e-01
2.569485888635754112e-01
7.480866096140739163e-01
4.104900004528710400e-01
7.557369784003720170e-02
2.451324515807287163e-01
1.145644761239218212e+00
1.379583104405726068e-01
9.661495799920265526e-01
1.060552010079756746e+00
1.506961889926911047e+00
1.744290287797958250e+00
9.646247180187174086e-01
4.549147639377264518e-01
1.991033467539948462e-02
4.963365465582936231e-01
5.388100711505650064e-01
1.427553435166535545e+00
1.859641626389426650e+00
3.439726155656103179e-01
1.222853824824327917e+00
1.046151428851851417e+00
7.486561698118474606e-01
1.102511479540585482e+00
1.631438522091878118e+00
1.567819573964455149e+00
3.716315409808732539e-01
4.964243878481869876e-01
1.637611102892074122e+00
2.738680026865575878e-01
1.196873485858337416e-01
4.609990192994414815e-01
1.640578378001933402e+00
1.597155589715373747e+00
4.447314177017745035e-02
6.037592761081951587e-02
4.607597329475258130e-01
1.141807248953949250e+00
1.838583577257324464e+00
9.764684224872328677e-01
1.090079726397651383e-01
2.563801212025841103e+00
2.858679691984264415e-01
1.269402938646569501e+00
1.984062880363711423e-01
1.055341407660201236e+00
6.473415986811530409e-01
1.131757270003198368e+00
2.678133381382946654e-01
6.030345609992713296e-01
8.322393969211368259e-02
1.055394576973572862e+00
7.959197936437434340e-01
5.997943920641901627e-01
3.704633630144704703e-01
2.888511847819444367e-01
1.585406528898387346e-01
8.277605286074314339e-01
2.180672518648351765e+00
3.353481871349394128e-01
1.729047638327784187e-01
9.501990343191654698e-02
5.580987277255657908e-01
8.200917348437889443e-01
1.095204774970706119e+00
1.423040954259064961e+00
1.867186360477915530e+00
1.267096997894684995e-01
1.618480611675052527e+00
1.712822504994723882e+00
5.885664051578668454e-01
1.124665442298328655e+00
1.786122831254700838e+00
1.125803548928142606e+00
1.483608364267032798e+00
1.720552839996150496e+00
1.370070685046092862e+00
1.530810205522936673e+00
5.501826877755120471e-01
7.587026362479246111e-02
4.626640230763968686e-01
5.749092104217147225e-01
1.534946526169464365e+00
3.153588538619259696e-01
1.308089624199310352e-01
1.655348051601121195e+00
3.963791364139488960e-01
1.043095777366005672e+00
5.721179651574951341e-01
8.845363949760818301e-01
5.816689565525202665e-01
8.139718399816836536e-01
1.127320514538840079e+00
2.470271267433353513e-01
1.753249812310414546e+00
1.036964231997453245e+00
9.871385571277379034e-01
2.998785808109753481e-01
5.282850475759659492e-01
2.020695817380273596e-01
1.060175422753014907e+00
9.765219770764973495e-01
7.238072756128027807e-01
5.050209974505857069e-01
9.051571602911366865e-01
2.522107502026982306e+00
7.281238845558174466e-01
1.443063545922364632e+00
2.479521356289073053e-01
1.315995840461771982e+00
1.088992088629326949e+00
4.461741454994093137e-01
9.634451524080946960e-01
5.334194356237130785e-01
9.232256869302590818e-02
5.378209049653412954e-01
2.352812857506513256e-01
1.159008314701696962e+00
2.985396496597487737e-01
2.178879560603505794e-01
4.495501025019136843e-01
7.022223780300711482e-01
2.506093230346633782e-01
2.864869384577700684e-01
9.054024112824583526e-01
2.701201835487974989e+00
2.342247579175337768e-01
1.038235644058436602e+00
1.593613901068215322e+00
3.465002215177054312e-02
5.274273740049523727e-03
3.457521118766935242e-01
1.703055972833908305e+00
1.357084438658250125e+00
4.060881322104539226e-01
4.305949244380854468e-01
7.454722233446033908e-01
7.320273941749730895e-01
6.490262281474309392e-01
4.875841276418111381e-01
1.489886463180872256e-01
7.407997907848847818e-01
6.175436427567779774e-01
7.341243208649754493e-02
2.044406262731268686e+00
2.275082221022421136e-01
6.588397456074988057e-01
5.982655931995783938e-01
1.245308412816979793e+00
1.135501570676464844e+00
1.163619298658901569e+00
5.136185070099406058e-01
1.737532773141814979e-01
6.663587220070278372e-01
2.192766102736332989e+00
4.286932551958433923e-01
1.330866587823582026e-01
1.203233858735988315e+00
5.490681800898483678e-01
2.875346226512309061e-02
3.865808281946805369e-01
1.195251817866388039e-01
2.156661178149850144e+00
4.315062976643402326e-01
9.670997188575156667e-01
6.642932959177531016e-01
1.265361517005069825e+00
6.439290143627511842e-01
5.152501438372256715e-01
8.949794032084261441e-02
7.517265062051753377e-01
1.747464725830915611e-01
1.580956915548034969e+00
1.192517961357349721e-01
3.479473602708412772e-01
1.799250439936082691e+00
4.060504229151764011e-01
2.021246309280138043e-01
1.007992199389095678e+00
1.577285320082930931e-01
2.029704918148943771e-01
1.050686349040134360e+00
9.015038403213030405e-01
2.625342410595948639e+00
2.089694280790093561e+00
6.777036517449022135e-01
9.558682624499847957e-01
7.298333522990078093e-01
1.981640513068486653e-01
2.421781514449271366e+00
1.081035310657884940e+00
1.724704086084898558e+00
5.048400007627471542e-01
1.036107921840133894e+00
1.084124126124558912e-01
2.716962626956918522e-02
2.186236692242867097e+00
1.480836938691266980e+00
5.459380663185421367e-01
1.053948110579963071e+00
1.359370234257346877e-01
1.248117663060023697e+00
2.427120683389098754e-01
6.828072819699944063e-01
3.749298812703323880e-01
7.732077240719015254e-01
2.004162996473422886e+00
2.511183908838245937e-01
1.668257923220018146e-01
1.305461511583753786e+00
5.428103945898664628e-01
8.771405736211872473e-01
3.884492463714009913e-01
7.985797866020609703e-01
2.908056355419034178e-01
2.078085636781006329e+00
1.081070550132291919e+00
1.478713431123758748e-01
7.074053554153642009e-02
1.688803135799495259e+00
1.272012994648305639e+00
1.605301101024997790e+00
4.186587675305974629e-03
1.767712568347524105e+00
2.322247916580240101e-01
1.652078448312751080e+00
8.360160334051857101e-01
1.177076259281717163e-01
8.272625947088871889e-01
3.294089647510673458e-01
6.532901526382206558e-02
1.415947811405360302e+00
3.855780099676495709e-01
1.392984199152283331e+00
