1.643850939083098261e-01
5.151229697073111957e-01
1.358197968362385710e-01
1.070486407710451227e+00
2.407512813062998802e+00
1.178445112545751350e+00
1.208242992403349758e+00
1.947051135002693112e+00
4.648176235747764062e-01
7.864265213724772607e-01
9.668643409291116653e-01
4.884426310915674502e-02
7.582041667912590155e-01
2.278763651383530320e+00
2.493058600444239215e+00
9.508339434635350307e-02
9.447027582456145600e-01
1.315883097787904576e+00
2.065752459641900352e+00
1.035511522568809184e+00
7.662913480719878156e-02
5.953843074805702761e-03
1.064144389524195766e+00
3.529111806612885149e-01
2.773681845571406068e+00
7.313797481350396978e-01
5.817066988371527581e-01
1.358051445911329536e+00
9.149255737510108011e-01
4.008476873363837067e-01
1.301059756844981763e+00
8.926904407563930333e-01
5.700975373107921573e-01
2.852624904494804881e-01
1.341633677665244218e+00
1.011013074948363233e+00
7.654524203687983475e-01
6.896116949352353309e-01
5.130113060173840944e-01
7.871572503411407296e-02
1.482704039755788017e+00
2.867019907277906565e+00
2.843734698793032867e-01
1.250935382854213795e+00
1.810682997997765595e-02
7.984336641311723382e-01
9.921582762546429235e-01
1.766156710877073488e+00
4.978569291201841995e-01
1.478759498244383241e+00
5.245149382233041946e-01
2.984990322146957031e-01
1.934232132578221630e-01
7.808028074715653855e-01
9.279839463847533443e-02
3.731749683314356525e-01
5.005259013392376888e-01
1.931517238219596921e-01
5.738361072392388768e-02
3.243293722254221578e-02
2.041451435613845788e-01
1.168367244981171060e+00
5.314050580882336838e-01
7.555443327369130158e-01
8.315526336939290664e-01
8.220947828116000888e-01
1.023185811189783800e+00
1.412034050285465581e+00
6.030210652697497453e-01
1.124163297351601143e+00
1.003632996975430680e-01
1.205176196861314386e+00
3.103554017927019903e-01
2.495163251684791306e-01
2.419727331917747915e+00
6.770184113314308139e-01
7.167401144861214324e-02
6.671861745974675406e-01
3.032572974840672675e-01
5.215524597640919247e-01
7.500165365449927846e-01
6.905533083268131644e-01
1.061569131032493951e+00
8.996698627503748602e-01
3.645229726261131287e+00
5.178662611322149001e-01
5.612778089264283676e-02
6.104303508283639434e-01
1.300801773092407077e+00
5.699800061519683103e-01
8.251406456888584762e-01
5.865639598208463590e-02
1.820384281494486223e-01
9.568751762114326986e-01
1.870801224159581999e-01
1.266426819324167202e-02
9.846995633143273974e-01
3.551519028996689142e-01
1.235487096696417320e+00
1.981108726356040961e+00
8.248638697725015900e-01
1.165930946525053136e+00
1.393757400955567549e-01
5.369682137718559956e-01
9.883990801628704803e-01
3.632927948979702837e-01
1.985712910212591442e+00
1.135356797389983630e+00
4.358279211902596484e-02
2.792280625444003017e-01
3.791071822926158630e-01
4.224146768556748255e-02
1.079809448251012771e+00
1.490443717854869621e-01
6.887753800829476969e-01
1.685696956310194006e+00
4.611186603941525575e-01
5.668096001523846850e-01
5.061406046839608264e-01
1.694191034004247087e-01
9.576616554426768957e-01
3.898362829782040517e-01
7.135608122758361205e-01
5.780568896312200389e-01
1.481160208179977289e+00
9.819129742901783198e-02
1.252160547041176075e+00
4.434253619666662094e-01
1.796739541684230890e+00
4.429205413894491961e-01
1.334481982957886059e-01
7.004803845080893598e-01
1.344861945545978710e+00
4.478291044619480132e-01
2.521351072871931831e-01
1.398878860770278898e+00
3.040996694411473578e-01
5.012179638945949423e-01
1.701756650069810473e+00
2.336515670263422662e-01
4.511859671258552223e-02
1.818077849519597500e+00
1.307017793692717200e+00
5.957056726023176978e-03
6.022747978903270072e-01
4.760955113289421226e-01
8.839654953485913402e-02
1.040807728351841099e+00
5.607588276312203135e-01
2.281345641043421371e-02
3.912147111425249846e-01
3.410223250881984081e-01
1.241203954475949001e+00
1.183580559103199814e+00
1.531539218895919818e-01
1.989219381880237281e+00
7.400750538226275044e-01
2.819567386187954786e-02
5.638192865102295004e-01
1.192760439665556227e+00
5.846292590828010560e-01
1.420610967631463772e+00
2.493582187496905800e-01
2.368607361513280996e+00
1.465801751559446142e+00
1.554191889052567443e-01
1.159493468494904311e+00
1.672628591854624647e+00
1.296670877136355760e+00
1.047225043740967143e+00
1.437898330973514049e+00
5.082774426936618184e-01
7.910824715728156376e-01
6.054027649264723809e-01
7.704860353305413856e-01
9.549772069639989036e-01
7.089701995625969921e-01
2.569734754036332447e-01
1.134072602694222276e+00
1.672867921800169910e-01
6.708523197644575831e-01
1.811188756722502902e+00
1.257548598074307300e+00
1.165029440347284728e+00
6.260554661521309239e-01
2.968479865327083855e-01
1.769782641410755142e+00
5.170880217978093274e-01
6.644095992180226729e-01
2.686646935564185878e-01
1.187075894898732692e-01
2.107204961374787092e-02
5.370266847972944291e-01
5.994175447634078058e-01
2.147455208871107413e+00
3.559212911274498570e-01
9.128613399220817382e-01
2.130319593337444140e+00
1.333395383468416739e-01
1.007110986872703062e+00
1.616166640565394053e-01
3.029174054025224327e-01
2.973580688026822849e-01
7.692523761040460650e-01
1.719536835127738694e+00
8.053864991919953420e-01
1.749874566507904738e+00
5.181901535886382915e-01
1.071212387498710950e+00
1.019332764138199732e+00
6.387877396909991123e-01
4.464805548909959176e-01
3.050142637235060770e-03
6.669207251006079584e-01
9.491331216218090727e-01
2.262804858853403184e-02
1.836128572784437307e-01
1.096517943435829201e+00
1.576642473444530346e+00
9.983244073965416021e-01
1.630144477705881112e+00
9.093259478171951127e-01
1.335523378636485958e+00
1.351342906637092112e+00
1.143040568758660447e+00
6.160776981371700600e-01
8.830939129038770097e-02
1.644717351976229924e+00
4.954123569867844856e-01
4.440317647570180548e-01
2.777560822534932972e-01
9.989769894951379126e-01
8.224961739072581546e-01
6.527221141999759446e-01
3.438851914202978310e-01
2.379351770194236548e-01
5.414653294434349506e-01
1.431928081724159474e-01
1.944258477290493337e-01
3.896470325417542013e-01
1.218023418181552575e+00
1.481661792304000969e-01
3.958334422827441967e-01
1.073755373805323599e+00
3.052623655619958118e-02
1.785001630447291765e+00
6.865775676810164097e-01
6.043170278716853971e-01
1.748228059595684503e+00
8.524712478110049174e-01
3.161430957365686800e-01
2.637151328493891889e-01
3.049350432660151711e-01
2.689033610437026489e+00
9.515083326843410960e-01
1.337764982714341466e-01
2.433286190739225308e-01
1.038886670692356518e+00
6.287538488622711474e-01
4.838741521898128339e-01
9.665990157373912650e-01
8.331763501504669822e-01
1.192750036908446276e+00
4.548191953176233260e-01
1.179324727837963938e+00
7.750667877531769445e-01
1.361005200655726943e+00
2.006074146927213087e-01
6.663991614508595340e-01
5.537229728149102304e-01
3.459130321044543988e-01
2.235132896409693370e-01
7.668101226749447497e-01
8.780635291715849222e-01
1.035060844667134772e+00
1.740982333777895130e+00
2.336062833510804959e-01
9.474501785780335972e-01
9.021990316349125238e-02
5.608508870194632845e-01
1.802494262638579592e+00
7.369315408330825434e-01
1.615521869701350144e-01
8.024101564519651175e-01
2.030435970821739211e+00
6.304669190319512895e-01
1.724015132468330047e-01
4.110192390687393282e-01
3.511561073907858432e-01
8.832649301772582673e-02
6.648029310266853620e-02
1.326313293478198263e+00
9.331876194118784440e-01
1.829104001912267297e+00
8.137249718858647896e-01
1.801435524996945148e+00
1.399118202000438904e+00
1.592416838984950678e+00
1.052766415688801693e+00
8.526588490775016682e-02
6.603619038191721469e-01
1.252320061150378749e-01
1.735183938896529554e-01
1.890684670574630077e+00
7.512620179754089800e-02
1.229688375995531491e+00
4.757571875203561174e-01
2.616361673394486734e-02
5.725286837713079446e-01
1.169112200214156738e+00
1.516267770436490414e+00
2.935581912272831537e-02
2.113455801352086272e-01
4.493754141480967856e-01
8.442992926665520217e-03
4.605257048740174497e-01
5.648738904264001548e-02
1.233229755775225200e+00
2.056334648727081493e+00
1.829933599833156455e-01
5.688298211484091871e-01
9.954546973891518213e-01
3.119780327062182668e-02
1.474182879015807135e+00
6.065878130876659613e-01
6.055027803931667396e-01
3.471672832521464080e-01
1.581786099163364101e+00
1.424104298856410988e+00
1.715004503848782669e-01
1.752892969827734015e+00
1.207567998564710088e+00
9.794704556147443286e-01
2.312003203316256528e+00
2.818903615877473290e-01
3.754725225108698772e-02
1.698045326985285985e+00
6.263878553388234627e-01
1.311051408310419442e+00
2.689772805832891800e-01
1.695688125704243765e+00
4.100544836124827598e-03
9.960565419965107248e-01
1.227908594419329757e+00
4.440218864220946693e-01
2.414065830648980171e+00
1.714211216151307227e+00
1.597249572812484253e+00
2.244335874834995082e+00
1.731290464477700741e+00
5.595760213343844436e-01
3.657183799324226214e-01
8.784732673482478771e-02
1.718682053751569239e+00
4.509779205482742914e-01
5.512563567862653890e-01
6.391691782563059254e-01
1.257225032800780351e+00
9.741735672492178866e-01
2.081116093726593022e-02
5.656525228513296921e-02
4.170438314630426913e-01
4.068353439921060244e-01
4.030893125104026975e-01
1.663522845848019793e+00
1.070968278917829641e+00
2.424109032260843011e-01
8.763046087961758046e-02
4.148031611484221393e-01
7.937120631506974222e-01
1.206677129567370388e+00
1.838079356938801645e+00
2.759237268699050727e-01
9.295534048943611127e-01
2.460845291069561902e-01
6.703032455498384445e-01
3.565083684038906631e-01
4.046739965153461210e-02
9.464546539340248574e-03
8.319696167689698552e-01
2.089625089896280485e+00
5.965879740810325904e-01
6.378845109329873697e-01
2.152914669367122169e+00
7.633025917738749389e-01
6.095666546170140920e-01
5.879517239689536767e-01
7.473065040905509937e-01
1.304386142319538811e-01
9.458768547014322348e-01
3.255919928367296823e-01
5.845876990212283131e-01
7.313530330919635336e-01
4.709854069435468471e-01
1.262896826355771829e+00
1.147133617412822160e+00
1.337603208780254960e+00
5.151503716320102733e-01
3.693517856609396938e-02
1.483075299263111990e+00
2.241520433564746728e+00
6.770104311176309286e-01
5.979352866071568906e-01
7.231117044780664971e-01
8.751741055428492455e-01
9.700768980975130740e-01
1.838520993856137264e-01
1.461636498144283092e+00
1.164856141697480973e+00
9.123761806164050192e-01
7.162181507809946002e-01
8.786299996486278685e-01
7.160895953569926253e-02
2.498466587307725528e-01
6.153383906195337705e-01
7.016015174700400703e-01
2.139078832652652640e+00
1.550276947354660262e+00
1.371087435615133021e+00
8.824214103135860077e-01
2.251928695890377530e-01
9.700749823254155302e-02
1.655679430508655292e-02
2.139553122775909699e+00
8.064038106771391767e-01
3.146267958115023244e-01
6.493621837973643229e-01
5.306078729278553840e-01
3.468222423750561695e-02
7.105508443448059763e-01
1.243244765120100848e+00
4.090363760093740364e-01
1.131354724025400493e+00
3.061798534517736314e+00
1.389654080853094387e+00
8.767249747483952804e-01
1.113490888386211131e+00
4.005733302303767784e-01
2.134455877903111004e-02
9.344054469795054496e-01
7.687308852286908190e-01
1.541221927850378703e+00
1.169753210850476011e+00
9.795960847661403514e-01
3.733512978853240627e-01
5.116615358940863889e-02
1.636740811080738267e-01
7.575975333231296238e-01
6.322585936932743067e-01
1.008633635588660038e+00
1.042161768138204936e+00
2.681009418941689759e+00
1.370906898181719180e+00
2.313996702813179152e-01
6.402814689720535135e-01
7.506261433736245714e-02
8.156123421696973574e-01
1.189509695314329374e+00
3.470568261725640730e-02
5.121746461712654019e-01
2.995461367978377587e-01
9.030115586376558090e-01
1.627853809533398310e+00
8.331946189916457080e-01
1.645809637182299667e+00
7.263880873816048744e-01
3.616039690375689175e-01
1.993441182819533364e-01
1.125805892654364815e+00
2.314391790482227762e+00
1.292487696460042468e+00
1.258772804910446741e+00
3.553837762481535378e-01
2.473769919272178833e-02
1.683261159486020508e+00
2.938413968783504249e+00
4.010159141237099600e-01
7.002558378820589180e-01
4.204594723566325576e-01
1.178353815901680007e-01
1.520190882293666279e+00
2.044850910674103961e+00
3.378983575474627243e-01
1.590492915645414618e+00
1.171235068710311661e-01
6.371318026958804337e-01
2.094355740485130124e-01
9.822642284395454171e-01
3.600070053594323638e-01
7.237271508313042334e-01
6.084017600511353319e-01
1.364299681814945098e+00
1.657674190024736927e+00
9.781917777981803397e-01
1.244021476808949034e+00
1.108994893813076699e+00
4.361882169985439872e-02
7.635168480790366363e-01
2.433398934822801785e+00
1.800859241628851304e-01
1.429945708721203967e+00
1.022661151945785107e+00
2.061754069005690693e-01
1.671880293239821791e+00
1.306586446232275378e+00
3.025519083053928582e-01
4.657999566199733654e-01
2.661129849036146799e-01
4.906990817600468541e-02
1.188072159693500662e+00
9.612994719963595669e-01
1.023580583470875771e+00
9.077854991367969584e-01
2.764904445195723315e-01
7.712038074445248803e-02
1.534350219952139494e+00
3.939417815842596871e-01
8.071511257414709650e-01
2.213053627612607266e-01
5.613620338157793155e-01
1.300528450668656300e+00
9.265874387883847874e-01
3.856687840285669133e-01
1.075465056144994519e-01
4.551847803498512701e-01
3.180657285766181896e-01
1.206091824167884324e-01
1.654585868680225058e+00
5.756223246301183094e-01
6.333714397874965485e-01
5.172149391043244782e-01
8.105868355960785809e-01
1.007232218839037241e+00
1.886497248577965413e+00
6.768628993268458460e-01
7.453438049855705128e-01
4.400608154016111273e-01
1.334838957617512367e-01
1.179810830144051081e+00
2.453960493185127489e-01
1.519140875054592887e-01
6.228307643822938305e-02
3.268223971221130286e-01
5.749720742207807822e-01
1.161371560592422636e+00
1.102418442139526000e+00
2.342220048059976190e+00
4.069259702139342294e-01
6.392413493577558947e-01
9.351268380240059797e-01
7.118390032691668257e-01
1.418862041457274126e+00
4.057957091687409146e-01
1.333765819258639074e-01
4.780057797665483027e-02
5.897388470457861631e-01
4.742074153797049552e-01
1.775060621006181727e-01
1.270603637987991696e+00
1.682747628457284206e+00
2.383768396506591447e+00
1.771070615889896782e+00
4.701952932958871068e-01
7.011713049309115098e-01
1.117380667039766795e+00
8.614625402399693765e-01
7.129889793676712495e-01
6.597186501833632866e-01
1.030418160748712175e+00
9.452320430927041439e-01
1.502866878054817112e-01
2.223907249135416431e-02
2.763592197255301031e+00
1.437226984407498964e+00
1.125994885633273684e-01
6.131976339832247991e-01
8.507733446807866917e-01
5.434217819404781880e-01
2.355998659335897527e-01
6.287223765759444305e-01
8.336176891023833191e-02
4.888569278399383655e-02
1.390380661804023976e+00
8.354273878942454212e-01
5.216238674536705089e-01
1.020847222570304691e+00
7.187706964261745268e-01
2.973507550908460195e-01
2.214135329557087584e-01
1.198186963507511305e+00
1.481731058183107352e+00
2.872909461607969783e-01
1.667811703437262150e+00
1.327820572285387746e+00
5.074808121313548193e-02
4.458285256918144701e-01
3.089313550266599151e-01
1.414772393816956075e+00
7.533916743050899090e-01
1.616770645603521572e+00
4.560973626578267159e-02
1.441646923475949915e+00
1.244425973902463012e+00
8.276037531644141465e-01
4.542036692386738905e-02
9.097882382362585396e-01
1.176448924477233149e+00
2.196329236175245114e+00
1.412639462393316947e+00
1.542864507187549972e+00
1.572943864166754802e+00
2.558398801160869152e+00
1.735771863741018661e+00
6.953007470808529877e-01
1.876293637199244690e+00
6.104436035511849878e-01
7.088905944566258333e-01
1.231942357803321592e-01
3.949132099277144481e-01
1.321366716999282202e-02
8.268736582990238171e-01
6.694343127233340907e-01
1.472756497383057583e-01
3.265638655783784650e-01
5.383273813286796328e-01
2.759761734974058855e-01
4.848230213388794729e-02
5.882998144058941836e-01
1.739112718373443389e+00
7.382604495295924663e-01
8.951147859175475618e-01
1.643005897866056442e+00
1.156733356145586811e+00
2.994122492083571216e-02
1.692470633989350340e-02
2.376653482373853432e+00
8.885876861774127944e-01
1.586066618813782414e+00
6.067769375860988523e-01
1.444403572212319853e+00
6.172028167541008248e-01
6.519910060901036308e-01
4.174644828124475793e-01
5.312649758147451884e-01
1.362021037865629447e+00
5.189092981441645325e-01
9.729914799951070448e-01
1.151613710086382358e+00
4.244570748156600293e-01
2.300813904913600327e-01
3.383264046882561993e-01
1.460847592267485173e-01
1.222238003012207530e+00
2.031447885670770725e-01
2.124749579926485388e-01
1.064332846148273726e+00
2.959827678313186813e-02
4.811500425378864021e-01
1.149403662258351444e+00
7.767834652520003713e-01
5.158381343255276086e-01
1.165381192035540581e+00
1.932311988012606341e-01
3.327904913769542117e-01
3.394873698829162234e-01
7.315014676762589263e-02
8.809596082318216226e-01
1.963263262372308526e+00
9.191234399502472563e-01
4.559574395881719755e-01
4.076467321794345899e-01
6.058882558695702913e-01
1.618163192931997729e+00
1.588911821001124824e+00
9.190737008212805925e-01
1.067945642605091727e+00
5.449977899873214016e-01
1.949774780922697293e+00
1.870367867194064226e+00
4.899163368175207256e-01
6.957070794672653991e-01
6.281840191692679154e-01
1.068898935234514846e+00
1.135975253042593502e+00
1.122172905237295293e+00
1.211620285952238696e+00
1.638129836293846564e+00
1.353177155378771479e+00
9.538383565102805939e-01
3.701258141736833429e-01
5.053235987133364304e-01
4.544515474736048888e-01
1.380575767200241562e-02
1.629810403290548049e+00
1.341970724790228164e+00
3.079622402541065673e-01
5.954348961001346696e-01
5.964026449447159539e-01
2.274214136731546598e-01
5.209383577734847393e-01
2.342521835601388824e-01
3.378814021511344218e-02
8.597907312479858843e-01
9.530178739279947242e-02
1.450880300103606801e+00
9.984169803195481752e-01
4.667035746981088584e-01
1.117865545894066059e+00
2.249555967671289236e-01
8.015687742739944222e-01
3.688039804295623059e-01
1.554136421960994552e+00
3.362498478982505201e-01
1.351953133647056937e-01
1.013277135493251047e+00
2.264176015133517739e-02
1.075024380630665854e+00
1.291467126588647374e-01
2.020727807830446476e+00
1.083673306874738673e-01
1.907983921795503024e-01
3.259324550168858359e-01
3.006060680206771862e-01
2.180547157289611349e+00
5.106797388666670656e-01
1.421158651726864619e+00
1.861617710204318099e+00
2.032585017195025490e+00
3.566389838219801711e-01
5.437385026322307802e-01
3.891898524509268542e-01
8.204104009635235784e-01
5.031419591951576953e-01
1.883672775487268414e-01
1.341905003158704979e+00
1.250495486630104791e+00
8.992148758105683592e-01
6.978613352762808031e-01
1.167799400581222106e-02
1.133524457583689332e-01
5.213880950427707273e-01
1.194689544749522714e+00
6.793742442916457513e-02
3.368351829928427632e-01
1.068001132605008507e+00
2.524573441939478080e+00
1.643539823267626598e+00
5.582823321356190638e-01
6.964072327132349027e-01
6.765301885156358441e-01
1.326984907826129767e+00
5.828349421668188590e-01
6.847275207873215752e-01
1.736481141257319560e+00
4.814137503053533274e-01
9.147425523852998897e-01
6.304532688194655066e-01
5.468543433049245506e-01
1.470062065160314013e+00
2.262688954401333163e-01
3.148642055616335811e-01
3.601536779115218079e-01
1.740957981956497536e+00
3.960954820383173480e-01
1.675842305244254593e+00
1.663496414637659182e+00
7.454182136156546623e-02
1.582464851168639663e+00
1.058049137411533502e+00
3.179811642396170729e-02
2.836334749932142851e-01
1.395808248358285431e+00
2.054819613063875450e-01
5.076121013745581445e-01
6.595938680507005270e-01
2.864488910720760506e-01
2.335766315245750846e-01
1.027371078722970177e+00
3.585908484324907830e-01
1.554083148100613154e-01
2.602184389987646007e+00
2.408507192764356708e-01
4.496437014876715488e-02
2.673490823572953201e-01
1.113746282363804602e-01
1.884104726022116927e-01
5.673435954635893536e-02
5.785691566250735773e-01
2.168504948890768447e-01
4.224933438449448020e-01
5.579639998346840324e-01
6.495693331327165865e-01
9.339222175499533041e-01
1.804865385160339952e-01
3.725296594137255668e-01
3.563670679390808504e-01
6.900390765111342750e-01
2.094829730419825731e-01
9.048572815543998171e-01
4.880976921540942925e-02
5.998623419907971321e-01
1.203220240984952838e+00
5.200721522053069340e-02
2.189924156042933057e-01
1.214462899539835716e-01
1.809847225520206382e-01
6.786637656452496614e-01
5.120460933926667124e-01
5.849986160116869005e-01
1.192053146023869109e-01
6.368382746425510499e-01
7.766461023482846837e-01
9.190177482226260519e-01
8.944131148992483515e-01
5.011206837884214504e-01
1.223536146367352861e+00
5.441288835817085362e-02
1.056046250011920096e+00
1.687763353799980548e+00
2.047272181199505658e-01
5.404305171692654758e-02
9.346027732160829826e-01
1.247797279484305299e+00
1.743151687474693290e+00
1.221204420492935316e+00
1.424177370768292761e+00
1.230293899300566762e+00
1.179685912361139177e+00
4.515721590255814544e-01
1.923231431064420072e+00
1.790070760280572659e-01
1.875278864714132299e+00
7.359097734959514359e-01
1.431327197468902114e-02
1.417127595043310651e+00
2.171969993558937884e-01
5.153899704078769295e-01
1.082782278764993396e-02
9.702371639517450852e-01
7.190723175404756251e-01
1.284553557816684233e+00
2.492703849229787050e-01
3.303622399842120472e-01
5.089419461125480604e-01
4.281905147562108382e-01
9.545378494210793319e-01
3.559358748087851354e-01
1.160776629428587281e+00
8.620794253450411171e-01
4.145134538022938187e-01
1.055378731159799521e+00
1.677104730530363463e+00
1.095615635173131652e-01
1.106787214180762868e+00
3.533777844773771104e-01
2.866856937972795394e-01
2.641266568796807879e-01
3.328510804712886406e-01
6.093459246357573189e-01
2.860480620921681094e+00
1.671699675940636176e+00
1.104253288533881133e-01
2.456575001891637910e+00
8.057915470869386754e-01
7.317444493081572965e-01
1.775309610583277076e+00
1.604281256038712300e+00
3.380624839388912672e-01
5.146274071362291203e-01
2.707228452860637735e-01
2.966429792090175543e-01
7.395511069014170102e-01
7.582904357605564638e-02
5.137612868741934236e-01
4.513071885873288225e-01
4.490495751774797872e-01
1.333527519813014206e-01
8.254930726638570748e-01
2.305773502815099685e-01
1.353517813745774845e+00
7.103862763819421833e-01
3.695578541522646088e-01
1.445694916564598254e+00
6.826828875031357713e-01
5.364954334663113444e-01
1.258379973145686614e+00
2.009679018708734777e+00
7.323080051454496919e-01
5.793270542555724045e-01
1.059397170961774159e-01
1.353565670720719150e-01
1.090418372296105831e+00
1.391448770731784287e-02
3.204565841407208682e-01
1.739447817390811002e+00
4.634054142069645721e-01
2.505818030666507878e-01
4.571490134973542618e-01
2.343472335231790715e-01
5.050522875434674264e-01
1.240758178630718911e+00
2.793268943618690825e-01
9.193953018913437747e-01
3.394292636079578873e-01
7.344742646780197948e-01
1.801695859465094918e+00
8.068473570793874838e-01
9.372319215660995795e-01
1.598262557212947410e+00
2.344194172180299462e-01
1.401263247612112961e+00
9.810526664358552029e-01
1.619798512466334994e-01
8.072243799374244633e-01
4.530943796503664189e-01
1.894338913569016070e+00
6.253798097381638721e-01
9.032667907494564821e-04
3.979240866516432773e-02
1.689716910738187916e-01
1.582969149817901044e-01
2.611493950373089956e-01
5.240779711955012576e-01
5.961053397651486785e-01
3.401944521994827997e-01
5.551426878970998624e-01
2.497268723529619372e+00
9.964333106641398707e-01
5.833606393998999051e-01
1.021392385747467824e+00
1.768340879826030554e-01
1.231271160205992921e+00
1.568020164435119046e+00
6.608660474554987063e-01
2.916620587531864039e-01
4.548782436047200117e-01
7.570850525758839045e-02
1.126315723931649027e+00
1.145125344276402279e-01
7.217940066119459264e-01
7.905193065684155973e-02
5.131648969261206616e-01
9.367470994221944736e-01
7.961247395983643838e-01
2.522925717538599510e+00
5.473125420283641018e-01
7.024853300456680438e-01
5.318520688907013572e-01
1.115373162755705971e+00
9.804652492781937290e-02
2.390413696590281412e-01
3.787617314313408978e-01
1.386493810679094940e+00
7.692365319170061388e-01
4.741560600709282536e-01
5.427155763379484243e-01
3.053764453914743493e-01
1.198813114842948835e+00
1.554799796305163795e-01
1.302088136612944647e+00
8.375493861245869587e-01
6.480523350790641235e-01
1.568119688101544396e-01
7.009178863784065738e-01
1.904065213739393192e+00
1.666404435768751746e+00
5.749060798256325766e-01
2.071585517742717375e+00
3.091354869083775547e-01
1.483155072069268776e+00
1.294736886954155120e+00
1.274810374880290142e+00
1.580036021604065422e-01
6.216521372760846521e-03
5.830972032207162314e-01
6.647634019417539841e-01
1.003232711866988147e+00
4.378573785026713960e-02
4.139553081847135441e-01
2.121152115285780404e+00
3.800462112454620622e-01
1.412247380324979762e+00
9.055936216796584004e-01
6.148006238401246826e-01
7.832653191615886190e-02
4.081310912294863202e-01
1.770525757972937875e+00
4.894795925283489980e-03
6.118992526008264210e-02
2.349800717470167388e+00
6.466915717896186688e-01
1.725286261823091749e+00
2.046936163549541110e+00
2.230781368487955607e+00
7.063572609359684007e-01
3.633575992628518964e-02
1.141020506724796268e+00
3.685451402927856189e-03
1.113218050171197460e+00
1.517580489583354231e+00
2.977407627527506317e-01
4.062118165432151984e-01
6.253048033703841879e-01
9.937768476956004848e-02
3.254407798294127185e-01
1.339276711817626087e+00
1.277091553759537090e+00
4.680846273578726513e-01
3.929620346751540039e-01
1.169470514064706812e+00
1.549885745832490613e+00
1.458806477579427163e+00
9.637313019796164282e-01
3.228160196152953798e-01
3.487431429676317030e-01
8.407978693537082604e-01
2.158964837376029233e-01
4.254199594153129649e-01
1.964970075484628043e-01
1.059493294038587469e-01
8.435262128497998946e-01
7.010663714520729561e-01
1.054474234377543063e+00
9.092596639932416513e-01
1.030804491112679466e+00
9.597422867665450497e-01
2.089039679124080062e-01
6.331715478098617345e-01
1.638580351919491640e-01
1.071102224588611485e+00
3.662609404749448405e-01
8.569613934719060300e-01
2.306317625384929126e+00
7.613013636520794825e-02
6.627108600500679625e-01
1.265605962495645054e+00
1.027882369966371057e+00
1.347403331539765992e+00
4.470870497760193185e-02
4.350717123744151094e-01
2.110411962383322404e+00
6.967261282137598988e-01
6.117258988758984550e-01
9.544622626258140174e-01
6.612619261914327584e-01
1.954259732597708243e+00
1.366780840733566593e-01
5.188517483760682891e-01
2.411359201494073456e+00
5.697597956896116589e-01
1.730727278634105026e+00
1.463686261123870569e+00
6.495251616559700736e-01
1.850375274672392489e+00
9.098948334908943392e-02
1.286083273784329462e-01
1.499049282829157503e+00
2.014048109169516432e-01
2.576374419502049928e-01
1.423009633218941694e+00
6.392226376752322414e-01
5.101208884865822135e-01
1.121343362533149847e-02
1.047480532686618560e+00
1.206216135586232419e+00
1.743307023536792455e+00
6.710906880220843806e-01
6.921917991284877621e-03
1.206230184213697543e+00
4.582899245136317079e-01
6.836085550142418921e-01
9.304837401805919617e-02
1.145595093861027980e+00
6.047050709284724768e-01
5.442274178044253369e-02
9.667004815944548746e-01
1.946609225111249453e+00
9.853194425860545280e-01
1.785568104107603249e-01
5.637080173727894161e-01
1.170115835170695062e+00
7.365138889277417222e-01
2.708117223966374221e-01
1.655139412537634636e+00
1.762022534351697367e-01
1.549343934304651116e-01
2.514053729569383222e-01
3.879711562927835589e-01
4.841852205398059633e-02
8.748016372508026217e-01
1.059888428135963956e+00
1.179469289547060429e+00
1.494316664547895135e+00
3.007007485359239340e-01
1.061379385116342000e+00
1.024223043264797850e+00
1.377022504834934935e+00
9.117212466545971949e-01
2.618336509625348585e-01
5.270087719299615392e-01
1.587412238614523519e+00
4.572781705089579846e-02
8.992397394137522371e-01
8.323641094045398647e-01
1.365513693970197506e+00
1.213726429277006691e+00
5.075032214830837995e-01
1.898818360043512676e-01
2.042532039542034605e-01
8.731921348164377317e-02
1.698450798937515549e-01
7.939429423310368980e-03
1.558369187415730828e+00
1.581180362009457330e+00
1.266105625679352586e+00
4.863475187481932638e-01
1.703565297744293883e+00
1.649425885402913128e-01
1.183886057821961435e+00
1.580797762158632658e+00
9.795654157325134337e-02
2.705645113494630771e-01
4.391490327603607691e-01
2.194556915217020232e-01
3.929361897916223700e-01
1.047150764872666562e+00
9.127541179165055141e-02
1.757732086879521871e+00
1.347491323343364522e+00
1.057456769349329403e-02
7.525068418489186950e-01
1.977424179726421150e+00
3.281664732749609570e-01
5.068768848351863365e-01
9.388619882979524212e-01
2.575047306951447901e-01
1.507731943296175547e-01
1.568462769223911035e+00
2.326470719973827705e+00
2.375597997268629608e-02
5.258672826164867420e-01
7.783061579070531533e-01
5.826476724123880180e-02
1.642527026620631991e+00
2.266857698069854599e-01
5.078995774706288602e-01
5.799299773439409167e-01
1.602718083679314232e+00
1.004150198384048176e+00
1.345373471517622432e+00
5.923784767842610322e-01
9.529248414669154454e-02
1.364652140402949909e+00
2.300118581776584847e-01
1.712548944184740352e+00
1.391450524393488708e+00
8.460052304217843266e-01
1.305855833468356764e+00
6.138000802755728680e-01
1.528239222723871693e+00
1.406928498272455252e+00
2.380366678372712319e-01
1.802058076343513671e+00
5.795104115504047249e-01
7.942267213295064465e-01
6.845626517553645707e-01
1.459142535091940140e-01
1.025588240881164070e+00
6.067133437193831247e-01
3.592060827103941700e-01
1.708576070636771638e+00
8.656498323212553636e-01
1.120136270762803310e+00
1.609406970297703188e+00
2.700063055852499172e+00
1.129790936706668303e+00
1.386222334098636599e+00
2.505923416410446691e+00
2.281000917325618216e-01
1.866739022973200324e-01
2.958774020090926826e-01
1.678445186217254748e-02
9.952958064426464801e-01
6.979910519604244357e-01
2.271455849155089302e-01
4.314786961253475606e-01
7.148781828761274770e-01
7.786885756854766694e-01
2.330193627710872573e-01
9.598465268986807741e-01
1.070873633451380869e+00
4.604586125184119694e-01
2.406168038500534401e+00
8.545577814502428593e-01
3.181860926180529736e-01
8.125273095357138375e-01
9.310620978572177187e-01
4.428081659693992034e-01
1.019098743008370000e+00
5.413318732360512531e-01
2.606101085383391025e-01
1.402739069676412598e+00
4.580262951805338933e-01
6.736532514217105083e-01
2.163878275661678396e-01
1.167254214060143180e+00
9.309806665828433969e-01
6.368614127126621949e-02
4.388757285027270957e-03
1.447498117316277089e+00
4.084464765252439067e-01
9.335527338666919084e-01
8.668240155920397053e-03
1.235451846268487364e+00
3.209329850282576224e-01
1.107257131040338738e+00
4.301158338127953340e-01
1.439435550738346281e+00
4.427951655979424084e-01
4.687678608983172901e-01
2.580040282656351991e+00
3.219588123113710787e-01
7.244791936198891058e-01
1.474710078843041394e+00
1.784914886324535210e+00
1.725787940292487610e+00
4.604131317131307521e-01
3.357377420544035984e-01
